seed 2553477128
horizon 328
jobs 16
RESOURCES
renewable 5 r
non-renewable 3 n
double 0 d
*************************
pronr.
Apenas caso queira mais informacoes, adicionar aqui
*************************
PRECEDENCE
jobnr.    #modes  #successors   successors
1 1 3 11 4 6
2 2 3 12 13 14
3 1 3 10 12 13
4 2 1 16
5 1 3 2 3 10
6 1 3 9 15 8
7 3 3 3 14 15
8 1 3 12 5 13
9 1 3 5 7 8
10 2 2 12 13
11 3 3 2 3 15
12 3 1 16
13 3 1 16
14 1 3 10 3 12
15 3 3 2 5 8
16 1 0
*************************
REQUESTS/DURATIONS:
jobnr. mode duration 	R1	R2	R3	R4	R5	N1	N2	N3	
-------------------------
1 1 0 0 0 0 0 0 0 0 0 
2 1 27 27 12 0 46 0 117 160 122 
2 14 0 90 0 0 0 0 240 310 
3 1 13 87 0 0 0 1 0 124 0 
4 1 16 71 48 39 0 0 223 103 136 
2 27 55 27 22 17 0 0 90 135 
5 1 23 0 63 0 0 0 0 118 103 
6 1 16 22 90 0 39 0 140 260 236 
7 1 19 22 0 41 20 0 150 172 91 
2 29 50 0 40 0 0 117 0 82 
3 15 0 52 64 98 0 108 162 282 
8 1 24 61 23 0 60 0 67 67 0 
9 1 15 78 62 0 0 0 116 294 0 
10 1 25 0 0 19 34 0 164 0 120 
2 30 20 29 50 38 0 103 146 59 
11 1 27 35 32 26 52 0 0 127 104 
2 11 0 109 70 40 0 308 155 0 
3 30 29 26 43 39 0 55 141 59 
12 1 11 106 0 0 81 0 400 0 373 
2 28 0 26 25 43 0 54 121 0 
3 28 31 0 22 41 0 116 103 0 
13 1 17 0 17 0 0 0 197 93 185 
2 10 141 0 36 129 0 0 0 0 
3 29 0 0 0 35 0 143 155 0 
14 1 15 44 68 0 0 1 144 0 0 
15 1 12 47 0 0 45 0 220 0 145 
2 22 34 35 17 0 0 0 109 197 
3 20 27 75 0 0 0 186 142 0 
16 1 0 0 0 0 0 0 0 0 0 
*************************
RESOURCEAVAILABILITIES:
R 1 R 2 R 3 R 4 R 5 N 1 N 2 N 3 
119 122 54 90 1 1623 2199 1958 
