seed 864238178
horizon 327
jobs 16
RESOURCES
renewable 6 r
non-renewable 5 n
double 0 d
*************************
pronr.
Apenas caso queira mais informacoes, adicionar aqui
*************************
PRECEDENCE
jobnr.    #modes  #successors   successors
1 1 3 2 13 14
2 4 3 3 12 7
3 2 1 16
4 2 3 3 11 6
5 3 3 11 3 12
6 1 3 3 5 8
7 1 3 10 12 6
8 3 3 11 12 5
9 1 3 4 6 8
10 1 3 4 11 12
11 3 1 16
12 4 1 16
13 2 3 11 5 15
14 4 3 10 5 8
15 3 3 9 10 7
16 1 0
*************************
REQUESTS/DURATIONS:
jobnr. mode duration 	R1	R2	R3	R4	R5	R6	N1	N2	N3	N4	N5	
-------------------------
1 1 0 0 0 0 0 0 0 0 0 0 0 0 
2 1 12 0 122 0 0 32 1 292 0 140 0 182 
2 26 0 48 0 0 49 1 0 0 113 0 111 
3 16 0 91 0 24 0 1 0 273 0 0 0 
4 16 0 71 0 28 22 1 140 268 163 174 105 
3 1 18 38 0 0 68 40 0 0 98 0 228 243 
2 30 47 0 0 45 0 0 0 99 0 64 0 
4 1 13 69 55 115 0 96 1 0 334 253 228 0 
2 16 67 0 54 52 0 1 0 0 172 0 114 
5 1 11 57 40 0 100 40 0 0 163 0 201 351 
2 16 31 52 60 69 0 0 0 247 101 0 153 
3 26 36 16 19 48 51 0 0 78 169 63 107 
6 1 18 50 83 0 36 0 1 128 131 201 0 233 
7 1 14 0 32 64 0 64 0 173 225 302 218 195 
8 1 15 60 24 72 0 22 0 210 0 266 148 266 
2 15 0 68 0 22 54 0 198 0 258 0 220 
3 25 22 57 31 34 55 0 178 0 69 130 0 
9 1 28 0 0 33 0 48 0 0 0 0 160 0 
10 1 14 32 0 0 100 0 0 0 0 0 0 0 
11 1 12 0 0 0 65 0 0 0 0 0 232 337 
2 26 0 0 0 53 0 0 118 136 0 105 0 
3 26 26 26 34 0 26 0 0 90 0 0 0 
12 1 17 61 0 79 58 0 0 264 0 0 178 0 
2 21 35 28 41 55 0 0 151 0 88 95 177 
3 18 75 78 21 0 76 0 0 171 0 110 0 
4 21 0 68 0 0 0 0 0 201 125 137 0 
13 1 24 0 52 51 0 51 0 0 115 115 0 71 
2 12 47 0 77 57 42 0 262 350 240 272 0 
14 1 27 41 0 14 0 0 1 0 80 152 91 0 
2 29 26 34 23 0 0 1 0 0 103 0 81 
3 29 48 42 0 28 47 1 145 135 0 148 0 
4 22 65 0 0 66 0 1 204 184 87 0 0 
15 1 29 0 0 0 0 31 1 0 0 0 0 0 
2 30 48 29 27 15 48 1 0 83 78 0 0 
3 19 0 45 0 0 0 1 180 0 137 145 0 
16 1 0 0 0 0 0 0 0 0 0 0 0 0 
*************************
RESOURCEAVAILABILITIES:
R 1 R 2 R 3 R 4 R 5 R 6 N 1 N 2 N 3 N 4 N 5 
84 110 75 119 81 1 2220 2115 2017 1480 2400 
