seed 8414546855
horizon 325
jobs 16
RESOURCES
renewable 3 r
non-renewable 3 n
double 0 d
*************************
pronr.
Apenas caso queira mais informacoes, adicionar aqui
*************************
PRECEDENCE
jobnr.    #modes  #successors   successors
1 1 3 10 4 6
2 2 3 9 14 7
3 3 3 9 2 11
4 2 3 11 3 12
5 1 3 9 3 15
6 1 1 16
7 4 1 16
8 3 3 9 14 7
9 3 1 16
10 3 3 11 3 14
11 1 3 14 15 8
12 3 3 11 5 13
13 3 3 2 5 15
14 3 2 9 7
15 1 3 2 7 8
16 1 0
*************************
REQUESTS/DURATIONS:
jobnr. mode duration 	R1	R2	R3	N1	N2	N3	
-------------------------
1 1 0 0 0 0 0 0 0 
2 1 15 46 56 0 0 112 256 
2 27 0 0 0 64 0 0 
3 1 19 0 45 0 88 137 156 
2 14 0 75 0 0 212 158 
3 12 0 110 0 285 312 0 
4 1 27 0 55 0 0 0 0 
2 29 0 0 0 65 0 100 
5 1 24 13 15 0 150 0 0 
6 1 17 0 75 0 0 167 0 
7 1 30 25 40 0 0 73 95 
2 27 20 55 0 56 164 154 
3 12 75 40 0 0 0 157 
4 29 23 42 0 0 0 148 
8 1 17 49 0 0 105 102 240 
2 24 0 20 0 72 76 0 
3 23 54 36 0 117 0 153 
9 1 23 58 0 0 0 110 110 
2 24 25 48 0 0 68 107 
3 22 0 24 0 117 128 126 
10 1 19 36 52 0 0 0 183 
2 16 61 0 0 258 153 133 
3 23 0 0 0 0 0 168 
11 1 13 0 48 0 212 0 129 
12 1 14 87 45 0 216 141 0 
2 17 30 31 0 0 0 0 
3 10 0 108 0 0 207 180 
13 1 19 20 53 0 198 0 213 
2 22 0 38 0 200 109 147 
3 12 0 0 0 367 192 222 
14 1 22 13 0 0 0 0 147 
2 10 0 66 0 0 225 312 
3 30 0 34 0 77 66 130 
15 1 26 21 42 0 116 62 0 
16 1 0 0 0 0 0 0 0 
*************************
RESOURCEAVAILABILITIES:
R 1 R 2 R 3 N 1 N 2 N 3 
44 97 1 1783 2014 1928 
