seed 9424574028
horizon 315
jobs 16
RESOURCES
renewable 3 r
non-renewable 3 n
double 0 d
*************************
pronr.
Apenas caso queira mais informacoes, adicionar aqui
*************************
PRECEDENCE
jobnr.    #modes  #successors   successors
1 1 3 9 10 13
2 3 3 5 15 7
3 3 3 4 7 8
4 1 3 2 5 8
5 1 1 16
6 4 3 3 15 8
7 4 1 16
8 2 3 2 5 7
9 1 3 12 5 14
10 4 3 4 5 7
11 2 3 15 7 8
12 2 3 3 4 6
13 4 3 2 3 4
14 3 3 2 11 5
15 2 1 16
16 1 0
*************************
REQUESTS/DURATIONS:
jobnr. mode duration 	R1	R2	R3	N1	N2	N3	
-------------------------
1 1 0 0 0 0 0 0 0 
2 1 18 0 26 1 248 96 226 
2 15 92 36 1 0 190 240 
3 11 0 0 1 0 373 0 
3 1 19 67 0 1 112 170 0 
2 30 38 0 1 0 135 0 
3 18 0 80 1 165 101 218 
4 1 23 0 0 0 0 0 123 
5 1 17 0 70 0 225 0 0 
6 1 12 0 115 0 325 230 360 
2 20 0 0 0 0 0 190 
3 12 0 0 0 0 0 0 
4 29 0 37 0 54 0 146 
7 1 10 105 111 0 0 165 381 
2 13 25 0 0 0 156 210 
3 19 0 0 0 0 0 162 
4 27 33 28 0 92 72 0 
8 1 12 107 115 1 350 0 182 
2 14 0 0 1 304 0 158 
9 1 14 55 0 0 0 137 205 
10 1 16 43 0 0 0 210 172 
2 17 0 33 0 0 211 165 
3 23 0 33 0 114 114 119 
4 19 39 0 0 0 0 0 
11 1 29 0 0 0 0 90 0 
2 19 0 0 0 0 140 214 
12 1 17 19 0 0 0 211 0 
2 14 0 0 0 321 0 321 
13 1 25 27 20 0 105 104 0 
2 12 110 37 0 150 252 137 
3 16 0 0 0 262 0 0 
4 28 26 42 0 98 157 0 
14 1 29 0 0 0 148 150 0 
2 25 0 40 0 82 109 96 
3 24 33 20 0 112 162 0 
15 1 12 0 0 0 200 0 0 
2 17 0 81 0 0 0 0 
16 1 0 0 0 0 0 0 0 
*************************
RESOURCEAVAILABILITIES:
R 1 R 2 R 3 N 1 N 2 N 3 
86 109 1 2516 3055 2860 
