seed 3996489035
horizon 313
jobs 16
RESOURCES
renewable 3 r
non-renewable 3 n
double 0 d
*************************
pronr.
Apenas caso queira mais informacoes, adicionar aqui
*************************
PRECEDENCE
jobnr.    #modes  #successors   successors
1 1 3 12 14 8
2 2 3 10 11 7
3 2 3 4 5 7
4 2 3 10 13 5
5 1 3 2 13 7
6 2 3 9 2 5
7 2 1 16
8 1 3 3 11 6
9 2 3 2 4 13
10 1 1 16
11 1 1 16
12 4 3 3 5 7
13 4 3 2 11 10
14 4 3 9 4 15
15 4 3 11 5 6
16 1 0
*************************
REQUESTS/DURATIONS:
jobnr. mode duration 	R1	R2	R3	N1	N2	N3	
-------------------------
1 1 0 0 0 0 0 0 0 
2 1 26 0 0 0 115 0 123 
2 12 0 0 0 237 340 335 
3 1 10 0 0 0 0 0 0 
2 17 67 0 0 218 169 176 
4 1 25 57 19 0 92 104 0 
2 13 76 0 0 0 0 221 
5 1 14 64 83 0 122 278 321 
6 1 20 0 0 0 97 82 154 
2 19 0 42 0 131 0 138 
7 1 15 0 58 0 0 294 132 
2 30 35 48 0 0 0 0 
8 1 19 0 48 0 219 0 195 
9 1 24 45 20 0 0 171 0 
2 25 18 14 0 86 129 0 
10 1 21 28 40 1 77 175 0 
11 1 17 33 82 0 262 0 153 
12 1 21 0 0 0 161 210 0 
2 22 15 13 0 0 81 160 
3 19 42 50 0 105 0 187 
4 21 27 0 0 100 0 151 
13 1 22 45 0 0 188 0 0 
2 22 42 43 0 154 129 0 
3 24 13 27 0 0 112 113 
4 28 19 0 0 0 0 0 
14 1 19 69 0 0 0 137 233 
2 20 51 0 0 0 118 0 
3 16 0 20 0 208 217 0 
4 20 40 63 0 225 187 219 
15 1 20 19 22 0 222 0 0 
2 24 17 0 0 81 140 151 
3 17 0 81 0 116 194 185 
4 29 0 0 0 0 0 77 
16 1 0 0 0 0 0 0 0 
*************************
RESOURCEAVAILABILITIES:
R 1 R 2 R 3 N 1 N 2 N 3 
74 103 1 1762 2108 2299 
