seed 5241213218
horizon 318
jobs 16
RESOURCES
renewable 6 r
non-renewable 5 n
double 0 d
*************************
pronr.
Apenas caso queira mais informacoes, adicionar aqui
*************************
PRECEDENCE
jobnr.    #modes  #successors   successors
1 1 3 3 12 15
2 3 3 10 4 8
3 4 3 11 4 5
4 3 2 9 7
5 1 3 9 4 6
6 2 3 9 2 8
7 4 1 16
8 3 3 9 4 7
9 3 1 16
10 3 3 4 7 8
11 4 3 13 14 7
12 1 1 16
13 1 3 2 10 8
14 4 3 6 13 5
15 1 3 9 2 11
16 1 0
*************************
REQUESTS/DURATIONS:
jobnr. mode duration 	R1	R2	R3	R4	R5	R6	N1	N2	N3	N4	N5	
-------------------------
1 1 0 0 0 0 0 0 0 0 0 0 0 0 
2 1 10 51 0 0 0 72 0 153 216 387 0 339 
2 22 32 15 36 25 47 0 122 166 0 165 167 
3 27 0 16 0 48 0 0 0 0 95 0 98 
3 1 23 48 0 0 58 0 1 151 183 96 174 95 
2 24 53 16 31 45 0 1 127 152 148 0 87 
3 25 30 42 26 39 0 1 0 121 169 0 0 
4 18 46 0 0 45 33 1 160 0 198 248 143 
4 1 25 44 0 42 31 0 0 153 148 0 0 0 
2 21 0 32 28 0 22 0 0 100 0 0 0 
3 18 0 0 0 83 80 0 151 0 0 223 0 
5 1 11 51 0 0 125 87 1 0 354 313 0 226 
6 1 18 38 66 0 0 58 0 0 211 208 140 168 
2 16 37 0 71 69 0 0 108 93 210 247 0 
7 1 13 0 0 46 62 64 0 0 0 198 0 0 
2 10 60 60 0 123 84 0 0 0 264 399 0 
3 27 55 0 36 0 23 0 0 166 83 103 0 
4 25 0 0 45 0 36 0 0 0 0 0 0 
8 1 17 0 26 0 63 0 0 0 135 187 151 0 
2 30 0 26 0 0 24 0 122 0 110 109 0 
3 12 0 77 0 55 60 0 170 175 0 145 0 
9 1 12 52 0 0 0 0 1 350 307 0 0 0 
2 23 45 0 49 0 0 1 0 0 0 0 0 
3 15 0 92 72 86 26 1 108 0 0 0 282 
10 1 12 45 57 35 0 80 0 0 0 332 0 0 
2 25 0 14 0 49 15 0 0 121 87 70 0 
3 29 50 39 0 0 0 0 0 0 0 140 0 
11 1 28 0 0 27 51 18 0 0 109 0 159 57 
2 11 0 76 0 106 122 0 0 0 147 0 144 
3 30 21 31 34 12 15 0 89 0 93 129 0 
4 10 99 75 0 96 75 0 342 0 0 267 180 
12 1 16 0 0 33 0 84 1 260 159 0 142 0 
13 1 15 76 72 0 50 64 0 0 138 206 0 0 
14 1 22 0 68 43 0 39 0 152 163 0 0 0 
2 21 0 30 0 71 0 0 201 0 75 0 0 
3 10 0 0 0 72 0 0 162 0 288 0 174 
4 14 0 96 98 0 83 0 231 111 150 113 255 
15 1 20 24 0 0 0 22 0 82 0 108 174 88 
16 1 0 0 0 0 0 0 0 0 0 0 0 0 
*************************
RESOURCEAVAILABILITIES:
R 1 R 2 R 3 R 4 R 5 R 6 N 1 N 2 N 3 N 4 N 5 
87 88 50 142 100 1 2044 2650 3174 2403 3138 
