seed 8558704604
horizon 334
jobs 16
RESOURCES
renewable 3 r
non-renewable 3 n
double 0 d
*************************
pronr.
Apenas caso queira mais informacoes, adicionar aqui
*************************
PRECEDENCE
jobnr.    #modes  #successors   successors
1 1 3 11 6 7
2 1 3 9 10 3
3 3 1 16
4 1 3 2 12 5
5 3 3 10 3 12
6 4 3 9 13 8
7 3 1 16
8 2 3 5 14 15
9 2 3 3 12 5
10 4 1 16
11 4 3 2 3 5
12 2 2 10 3
13 2 3 10 4 5
14 3 3 9 4 13
15 1 3 9 13 14
16 1 0
*************************
REQUESTS/DURATIONS:
jobnr. mode duration 	R1	R2	R3	N1	N2	N3	
-------------------------
1 1 0 0 0 0 0 0 0 
2 1 21 0 0 0 0 87 180 
3 1 27 17 26 0 60 0 0 
2 14 34 0 0 267 115 0 
3 26 0 39 0 61 98 80 
4 1 26 38 0 0 0 83 0 
5 1 17 0 31 0 236 229 0 
2 28 22 0 0 0 61 75 
3 23 0 0 0 88 155 189 
6 1 17 0 56 0 0 236 155 
2 19 61 53 0 219 104 0 
3 20 33 27 0 0 165 0 
4 12 0 65 0 155 267 0 
7 1 12 0 57 0 0 190 0 
2 13 0 0 0 276 120 166 
3 12 0 0 0 275 262 0 
8 1 26 36 11 0 0 0 0 
2 24 38 42 0 172 67 107 
9 1 22 23 53 0 152 76 188 
2 15 26 0 0 270 0 232 
10 1 11 0 136 0 0 294 365 
2 18 0 0 0 123 0 206 
3 26 0 19 0 66 0 0 
4 25 0 30 0 80 69 0 
11 1 28 35 21 0 109 79 0 
2 19 0 53 0 0 99 94 
3 11 76 0 0 190 253 182 
4 19 55 0 0 102 164 0 
12 1 16 54 43 0 0 0 208 
2 22 36 27 0 136 152 159 
13 1 17 40 0 0 0 264 93 
2 28 12 24 0 76 79 0 
14 1 11 0 0 0 387 365 220 
2 20 0 75 0 123 0 102 
3 25 0 60 0 150 177 0 
15 1 22 0 51 0 122 114 100 
16 1 0 0 0 0 0 0 0 
*************************
RESOURCEAVAILABILITIES:
R 1 R 2 R 3 N 1 N 2 N 3 
58 76 1 1903 1878 2027 
