seed 8949464107
horizon 315
jobs 16
RESOURCES
renewable 5 r
non-renewable 4 n
double 0 d
*************************
pronr.
Apenas caso queira mais informacoes, adicionar aqui
*************************
PRECEDENCE
jobnr.    #modes  #successors   successors
1 1 3 10 4 8
2 2 1 16
3 4 3 2 14 15
4 1 3 12 5 7
5 3 3 9 11 6
6 4 3 11 12 14
7 3 3 2 12 14
8 1 3 2 5 13
9 2 3 2 3 11
10 4 3 12 13 6
11 4 3 12 14 7
12 2 1 16
13 2 3 14 6 7
14 1 1 16
15 2 3 2 12 13
16 1 0
*************************
REQUESTS/DURATIONS:
jobnr. mode duration 	R1	R2	R3	R4	R5	N1	N2	N3	N4	
-------------------------
1 1 0 0 0 0 0 0 0 0 0 0 
2 1 17 0 54 21 72 0 157 121 0 224 
2 30 0 19 34 0 0 86 143 54 136 
3 1 15 26 52 44 70 0 228 0 128 270 
2 27 47 36 31 33 0 0 158 141 146 
3 28 26 0 35 17 0 109 58 0 0 
4 14 87 0 57 49 0 0 289 315 0 
4 1 12 100 95 80 90 0 197 260 297 277 
5 1 25 40 0 58 49 0 0 97 66 133 
2 11 49 73 0 0 0 0 321 152 354 
3 19 78 60 44 0 0 0 0 162 0 
6 1 12 100 85 0 0 1 0 197 0 372 
2 19 0 0 0 26 1 205 135 194 219 
3 11 79 136 30 49 1 384 278 343 188 
4 25 0 0 0 34 1 88 0 129 130 
7 1 26 43 0 0 46 0 0 0 0 118 
2 11 122 0 95 73 0 196 302 406 0 
3 27 0 23 0 0 0 0 0 112 105 
8 1 13 32 0 41 36 0 0 237 0 210 
9 1 12 0 0 42 115 0 267 0 0 0 
2 18 73 75 0 75 0 208 0 0 86 
10 1 15 72 0 96 54 0 122 226 0 154 
2 16 0 22 0 88 0 217 234 0 0 
3 15 0 44 32 28 0 222 278 208 0 
4 21 38 0 31 60 0 200 0 140 0 
11 1 25 0 0 0 57 0 72 67 106 76 
2 25 52 0 46 42 0 171 94 0 166 
3 14 66 87 96 77 0 0 109 0 139 
4 23 0 18 0 0 0 0 0 0 0 
12 1 29 0 34 41 38 0 62 104 131 137 
2 20 67 0 70 0 0 150 0 81 84 
13 1 26 15 20 13 0 0 0 0 0 0 
2 18 56 73 0 61 0 118 113 93 113 
14 1 15 46 50 28 0 0 0 206 274 0 
15 1 21 0 0 24 67 0 187 0 121 120 
2 15 36 92 72 94 0 138 252 180 144 
16 1 0 0 0 0 0 0 0 0 0 0 
*************************
RESOURCEAVAILABILITIES:
R 1 R 2 R 3 R 4 R 5 N 1 N 2 N 3 N 4 
121 104 108 115 1 2549 2245 2364 2924 
