seed 9234575477
horizon 366
jobs 16
RESOURCES
renewable 4 r
non-renewable 3 n
double 0 d
*************************
pronr.
Apenas caso queira mais informacoes, adicionar aqui
*************************
PRECEDENCE
jobnr.    #modes  #successors   successors
1 1 3 10 15 7
2 3 3 11 4 5
3 1 3 2 4 8
4 3 1 16
5 4 1 16
6 1 3 2 11 4
7 4 1 16
8 3 3 9 5 14
9 4 3 11 4 13
10 2 3 12 3 4
11 1 2 4 5
12 4 3 11 3 6
13 1 3 2 11 14
14 4 3 2 5 6
15 1 3 2 13 6
16 1 0
*************************
REQUESTS/DURATIONS:
jobnr. mode duration 	R1	R2	R3	R4	N1	N2	N3	
-------------------------
1 1 0 0 0 0 0 0 0 0 
2 1 26 47 0 0 0 0 109 78 
2 24 17 20 15 0 66 145 122 
3 20 61 66 70 0 97 97 78 
3 1 21 57 45 22 0 0 114 105 
4 1 26 32 0 0 0 0 0 99 
2 22 68 13 0 0 0 0 174 
3 16 60 0 33 0 159 118 0 
5 1 25 0 46 0 0 111 0 0 
2 25 0 20 0 0 129 0 0 
3 13 0 0 83 0 115 330 115 
4 25 46 18 25 0 175 133 152 
6 1 27 0 0 12 0 0 0 0 
7 1 29 40 35 23 0 136 93 57 
2 17 0 0 38 0 0 90 0 
3 26 0 0 0 0 169 114 114 
4 26 36 0 56 0 0 117 0 
8 1 19 0 0 0 0 224 0 153 
2 16 0 0 31 0 0 268 146 
3 15 76 0 0 0 0 174 104 
9 1 23 65 0 0 0 88 195 0 
2 27 0 26 36 0 97 116 121 
3 14 70 27 0 0 124 182 240 
4 14 0 42 0 0 244 115 0 
10 1 18 35 0 41 0 0 155 163 
2 29 0 49 33 0 0 0 101 
11 1 19 67 18 31 0 0 178 0 
12 1 11 0 0 0 0 335 0 294 
2 30 24 16 21 0 0 66 0 
3 29 0 0 0 0 0 125 112 
4 16 0 43 20 0 97 277 251 
13 1 30 38 0 24 1 0 87 130 
14 1 18 23 0 23 0 126 130 91 
2 29 26 0 51 0 131 0 123 
3 20 0 36 0 0 0 78 0 
4 26 48 54 46 0 0 0 136 
15 1 29 0 0 0 1 144 53 99 
16 1 0 0 0 0 0 0 0 0 
*************************
RESOURCEAVAILABILITIES:
R 1 R 2 R 3 R 4 N 1 N 2 N 3 
77 53 50 1 1562 2366 1873 
