seed 8713911057
horizon 325
jobs 16
RESOURCES
renewable 5 r
non-renewable 2 n
double 0 d
*************************
pronr.
Apenas caso queira mais informacoes, adicionar aqui
*************************
PRECEDENCE
jobnr.    #modes  #successors   successors
1 1 3 2 14 8
2 2 3 3 4 7
3 3 3 9 10 12
4 2 3 10 3 12
5 1 3 9 10 13
6 1 3 11 13 5
7 1 3 13 5 6
8 4 3 11 4 6
9 2 1 16
10 1 1 16
11 3 3 9 5 13
12 4 3 5 6 15
13 3 1 16
14 1 3 9 3 7
15 3 3 9 11 7
16 1 0
*************************
REQUESTS/DURATIONS:
jobnr. mode duration 	R1	R2	R3	R4	R5	N1	N2	
-------------------------
1 1 0 0 0 0 0 0 0 0 
2 1 11 60 117 0 0 0 139 218 
2 11 0 68 0 0 0 280 270 
3 1 29 22 0 0 24 0 123 141 
2 16 0 0 76 61 0 178 135 
3 24 31 0 22 30 0 0 0 
4 1 24 35 43 0 25 0 88 0 
2 16 33 0 71 67 0 219 245 
5 1 12 0 0 50 107 0 0 155 
6 1 25 36 0 0 16 1 0 0 
7 1 28 0 0 0 23 1 115 157 
8 1 21 37 0 0 15 0 172 164 
2 23 31 0 0 40 0 104 144 
3 24 27 0 50 41 0 151 153 
4 23 37 0 0 16 0 185 0 
9 1 23 41 0 0 33 0 172 170 
2 15 66 86 0 44 0 106 0 
10 1 14 98 49 0 32 0 0 220 
11 1 13 108 108 0 0 0 258 293 
2 28 31 0 15 0 0 61 108 
3 19 0 56 0 45 0 230 159 
12 1 24 0 53 22 62 0 172 126 
2 13 85 0 60 92 0 0 253 
3 21 0 28 71 38 0 97 197 
4 29 0 40 18 0 0 109 104 
13 1 22 32 54 0 0 0 76 136 
2 22 0 0 24 64 0 0 0 
3 14 94 0 53 87 0 130 297 
14 1 29 0 45 51 0 0 0 123 
15 1 11 100 98 0 76 0 406 0 
2 27 0 0 17 40 0 0 0 
3 14 0 0 0 0 0 203 0 
16 1 0 0 0 0 0 0 0 0 
*************************
RESOURCEAVAILABILITIES:
R 1 R 2 R 3 R 4 R 5 N 1 N 2 
130 93 66 119 1 2203 2302 
