seed 7561238970
horizon 328
jobs 16
RESOURCES
renewable 3 r
non-renewable 4 n
double 0 d
*************************
pronr.
Apenas caso queira mais informacoes, adicionar aqui
*************************
PRECEDENCE
jobnr.    #modes  #successors   successors
1 1 3 4 12 13
2 2 3 5 6 15
3 2 3 6 5 14
4 2 3 2 11 7
5 4 3 10 7 8
6 4 3 10 7 8
7 3 3 9 10 8
8 1 3 9 10 14
9 1 1 16
10 2 1 16
11 4 3 14 6 7
12 1 3 9 5 14
13 2 3 2 3 15
14 2 1 16
15 3 3 9 11 8
16 1 0
*************************
REQUESTS/DURATIONS:
jobnr. mode duration 	R1	R2	R3	N1	N2	N3	N4	
-------------------------
1 1 0 0 0 0 0 0 0 0 
2 1 20 0 61 0 216 138 78 186 
2 23 44 0 0 143 0 0 96 
3 1 18 73 0 0 211 226 180 155 
2 21 0 47 0 0 190 138 140 
4 1 23 0 0 0 0 0 0 0 
2 26 0 0 0 0 0 73 155 
5 1 24 0 0 0 0 165 63 138 
2 30 29 0 0 145 0 0 123 
3 18 71 23 0 221 236 0 0 
4 19 0 0 0 0 178 82 172 
6 1 24 0 0 0 118 185 110 83 
2 18 0 0 0 123 196 130 175 
3 11 32 0 0 338 0 0 0 
4 22 66 0 0 122 0 84 160 
7 1 19 22 0 0 0 214 0 124 
2 16 26 0 0 161 223 0 0 
3 30 0 0 0 123 0 92 0 
8 1 30 0 25 0 59 85 74 0 
9 1 15 92 86 0 0 0 234 0 
10 1 19 0 18 0 0 0 0 0 
2 27 0 53 0 0 92 0 0 
11 1 16 91 0 0 0 166 238 243 
2 14 70 98 0 0 0 0 177 
3 10 138 129 0 426 0 156 0 
4 14 92 51 0 154 0 186 0 
12 1 25 28 0 0 141 156 108 128 
13 1 13 0 85 0 293 170 0 0 
2 20 75 55 0 96 0 0 111 
14 1 12 112 32 0 335 0 160 312 
2 18 43 51 0 150 106 166 173 
15 1 17 0 45 0 238 146 0 0 
2 22 58 64 0 0 88 0 156 
3 23 61 0 0 186 123 0 136 
16 1 0 0 0 0 0 0 0 0 
*************************
RESOURCEAVAILABILITIES:
R 1 R 2 R 3 N 1 N 2 N 3 N 4 
115 107 1 2520 1617 1382 1813 
