seed 6179211818
horizon 307
jobs 16
RESOURCES
renewable 3 r
non-renewable 3 n
double 0 d
*************************
pronr.
Apenas caso queira mais informacoes, adicionar aqui
*************************
PRECEDENCE
jobnr.    #modes  #successors   successors
1 1 3 10 15 2
2 4 1 16
3 2 3 12 4 13
4 2 3 11 12 14
5 2 3 9 14 7
6 1 3 3 5 7
7 1 3 9 4 13
8 1 3 14 13 6
9 2 1 16
10 3 3 11 12 7
11 2 1 16
12 4 2 9 11
13 4 3 9 11 12
14 1 3 11 12 13
15 2 3 6 7 8
16 1 0
*************************
REQUESTS/DURATIONS:
jobnr. mode duration 	R1	R2	R3	N1	N2	N3	
-------------------------
1 1 0 0 0 0 0 0 0 
2 1 10 90 144 0 225 168 198 
2 13 0 0 0 320 263 0 
3 15 64 96 0 282 0 0 
4 23 35 0 0 0 142 193 
3 1 30 0 25 0 122 0 0 
2 15 28 60 0 202 160 294 
4 1 15 0 0 0 248 0 244 
2 16 61 0 0 268 0 255 
5 1 30 39 44 0 0 91 93 
2 11 0 38 0 0 351 354 
6 1 12 102 35 0 285 0 0 
7 1 17 0 38 0 197 0 104 
8 1 11 46 0 0 302 218 0 
9 1 27 0 0 0 0 87 104 
2 26 0 24 0 121 0 75 
10 1 10 36 0 0 207 243 411 
2 18 0 71 0 201 0 0 
3 15 0 50 0 232 228 180 
11 1 10 66 87 0 237 0 189 
2 29 33 0 0 137 153 0 
12 1 14 25 75 0 267 0 321 
2 20 0 0 0 216 192 0 
3 13 55 0 0 124 0 0 
4 14 0 72 0 154 0 203 
13 1 16 0 0 0 0 99 0 
2 17 75 35 0 0 0 236 
3 25 0 0 0 93 90 114 
4 13 85 0 0 184 237 0 
14 1 19 0 15 0 225 0 0 
15 1 30 13 31 0 0 0 142 
2 14 79 0 0 274 0 0 
16 1 0 0 0 0 0 0 0 
*************************
RESOURCEAVAILABILITIES:
R 1 R 2 R 3 N 1 N 2 N 3 
123 80 1 2505 2268 2332 
