seed 8927058057
horizon 314
jobs 16
RESOURCES
renewable 4 r
non-renewable 2 n
double 0 d
*************************
pronr.
Apenas caso queira mais informacoes, adicionar aqui
*************************
PRECEDENCE
jobnr.    #modes  #successors   successors
1 1 3 3 13 14
2 3 3 4 7 8
3 2 3 10 12 15
4 2 3 9 5 7
5 4 1 16
6 1 3 10 5 15
7 4 3 11 12 15
8 1 3 10 6 15
9 4 3 11 12 7
10 3 1 16
11 4 3 10 6 8
12 1 3 11 6 8
13 2 3 9 2 15
14 1 3 12 5 6
15 1 1 16
16 1 0
*************************
REQUESTS/DURATIONS:
jobnr. mode duration 	R1	R2	R3	R4	N1	N2	
-------------------------
1 1 0 0 0 0 0 0 0 
2 1 30 26 21 0 1 147 108 
2 27 0 32 0 1 131 104 
3 14 68 96 0 1 147 0 
3 1 11 95 0 0 0 174 286 
2 22 0 36 0 0 135 173 
4 1 20 63 0 49 0 0 0 
2 26 47 0 0 0 167 136 
5 1 27 44 23 17 1 154 137 
2 18 51 0 60 1 128 203 
3 18 0 25 80 1 85 0 
4 14 30 0 77 1 0 0 
6 1 10 0 69 141 0 402 384 
7 1 14 45 23 0 0 0 205 
2 23 63 0 14 0 96 75 
3 24 0 33 13 0 0 100 
4 16 18 0 31 0 0 0 
8 1 19 0 74 69 0 228 132 
9 1 11 73 0 0 0 0 0 
2 11 111 0 0 0 365 240 
3 16 0 0 0 0 273 234 
4 22 36 65 39 0 0 124 
10 1 10 36 45 114 0 210 177 
2 25 0 60 31 0 79 132 
3 26 47 0 0 0 0 79 
11 1 18 0 0 0 0 203 0 
2 12 0 25 35 0 0 0 
3 11 0 100 133 0 218 0 
4 20 0 0 0 0 0 103 
12 1 16 0 65 60 0 168 0 
13 1 12 62 0 30 0 0 357 
2 21 0 34 52 0 185 0 
14 1 30 0 34 38 0 0 0 
15 1 21 47 0 68 0 208 165 
16 1 0 0 0 0 0 0 0 
*************************
RESOURCEAVAILABILITIES:
R 1 R 2 R 3 R 4 N 1 N 2 
69 93 166 1 2673 2382 
