seed 2314345590
horizon 333
jobs 16
RESOURCES
renewable 6 r
non-renewable 5 n
double 0 d
*************************
pronr.
Apenas caso queira mais informacoes, adicionar aqui
*************************
PRECEDENCE
jobnr.    #modes  #successors   successors
1 1 3 4 13 14
2 4 3 10 3 11
3 3 3 9 6 7
4 2 3 10 6 15
5 4 3 2 3 8
6 2 1 16
7 3 1 16
8 2 3 9 3 12
9 4 3 12 7 15
10 3 3 9 11 8
11 1 3 12 6 7
12 1 1 16
13 3 3 2 12 7
14 2 3 12 5 6
15 2 3 11 12 7
16 1 0
*************************
REQUESTS/DURATIONS:
jobnr. mode duration 	R1	R2	R3	R4	R5	R6	N1	N2	N3	N4	N5	
-------------------------
1 1 0 0 0 0 0 0 0 0 0 0 0 0 
2 1 10 0 96 0 0 126 0 0 168 0 0 324 
2 26 46 46 11 0 0 0 141 0 144 0 153 
3 13 0 27 71 113 0 0 0 205 0 223 274 
4 19 0 31 0 0 61 0 0 0 184 151 170 
3 1 26 28 0 0 0 49 0 0 0 0 0 0 
2 19 0 42 0 72 78 0 88 129 195 0 154 
3 10 144 138 0 0 84 0 321 0 402 198 435 
4 1 24 23 0 0 62 57 0 0 108 0 121 0 
2 16 82 0 63 41 0 0 0 129 264 221 243 
5 1 18 28 0 46 0 46 0 0 0 160 85 186 
2 18 0 31 0 20 60 0 193 0 0 0 0 
3 14 21 107 0 70 0 0 302 285 0 0 282 
4 15 26 0 58 0 0 0 156 282 0 0 0 
6 1 26 49 0 18 21 0 0 0 0 68 131 84 
2 14 98 0 0 0 0 0 308 0 0 0 177 
7 1 17 52 26 26 0 0 0 197 0 0 0 187 
2 14 94 92 0 105 38 0 261 0 0 135 0 
3 23 20 0 0 49 32 0 73 0 135 105 138 
8 1 12 115 0 37 27 0 0 0 0 0 347 0 
2 21 38 67 0 38 20 0 0 94 0 157 81 
9 1 17 68 58 0 38 0 0 0 0 0 146 259 
2 29 0 23 0 0 41 0 0 0 0 112 131 
3 13 87 0 0 113 25 0 0 343 166 267 242 
4 15 0 0 0 50 24 0 212 168 0 280 0 
10 1 10 0 0 0 0 0 1 0 0 372 279 165 
2 18 46 65 55 41 55 1 0 171 103 0 0 
3 17 61 35 86 21 42 1 0 151 231 213 141 
11 1 29 0 0 0 46 17 0 150 0 120 0 104 
12 1 14 90 100 55 75 45 1 261 250 0 0 207 
13 1 12 57 0 62 100 0 0 145 220 270 0 260 
2 18 26 76 35 26 0 0 0 0 0 211 0 
3 29 0 20 16 20 0 0 73 0 152 106 0 
14 1 27 54 0 13 12 0 0 103 76 83 132 0 
2 27 40 0 0 0 15 0 87 147 93 91 0 
15 1 23 0 0 0 0 0 0 135 139 0 0 109 
2 23 32 27 0 0 0 0 88 106 0 0 147 
16 1 0 0 0 0 0 0 0 0 0 0 0 0 
*************************
RESOURCEAVAILABILITIES:
R 1 R 2 R 3 R 4 R 5 R 6 N 1 N 2 N 3 N 4 N 5 
129 119 72 101 65 1 2067 2158 2583 1963 3626 
