seed 5367541479
horizon 339
jobs 16
RESOURCES
renewable 6 r
non-renewable 5 n
double 0 d
*************************
pronr.
Apenas caso queira mais informacoes, adicionar aqui
*************************
PRECEDENCE
jobnr.    #modes  #successors   successors
1 1 3 10 11 6
2 4 3 9 5 7
3 2 3 12 5 13
4 1 3 9 2 13
5 3 1 16
6 3 3 12 5 14
7 1 1 16
8 2 3 9 2 3
9 1 2 5 7
10 4 1 16
11 1 3 2 15 8
12 4 3 9 4 7
13 1 3 9 5 7
14 2 3 4 12 7
15 2 3 4 14 8
16 1 0
*************************
REQUESTS/DURATIONS:
jobnr. mode duration 	R1	R2	R3	R4	R5	R6	N1	N2	N3	N4	N5	
-------------------------
1 1 0 0 0 0 0 0 0 0 0 0 0 0 
2 1 23 0 27 0 0 63 0 170 130 0 0 159 
2 11 111 0 133 43 40 0 267 321 0 155 190 
3 24 15 22 20 0 31 0 106 83 180 143 72 
4 23 0 32 0 36 0 0 0 0 0 176 0 
3 1 27 0 48 34 50 0 0 0 0 0 0 80 
2 25 16 25 0 12 39 0 93 0 0 115 109 
4 1 30 0 20 46 0 45 0 0 0 60 0 0 
5 1 19 0 34 0 26 26 0 0 222 110 0 0 
2 22 13 45 0 21 35 0 188 121 88 155 199 
3 19 0 17 0 26 0 0 159 0 110 0 80 
6 1 25 57 40 44 26 0 0 0 0 0 180 82 
2 21 64 17 30 54 20 0 108 0 0 0 130 
3 30 0 0 0 50 16 0 0 125 78 127 0 
7 1 29 38 0 47 0 30 0 0 0 0 0 63 
8 1 23 0 65 23 0 31 0 152 123 103 78 0 
2 17 75 33 84 0 42 0 167 0 0 0 109 
9 1 21 41 0 27 47 20 0 0 92 150 125 0 
10 1 15 68 26 24 0 90 1 0 126 0 272 0 
2 28 43 11 45 22 42 1 0 95 0 139 0 
3 20 37 0 0 48 0 1 0 132 180 181 78 
4 30 49 27 30 39 0 1 0 0 64 0 0 
11 1 11 130 0 0 0 51 0 0 229 150 0 278 
12 1 19 0 44 0 0 0 0 0 153 112 150 94 
2 11 0 30 0 0 0 0 0 0 0 223 0 
3 20 0 42 55 0 0 0 219 142 0 139 0 
4 25 0 46 0 45 0 0 0 0 0 0 0 
13 1 22 0 50 0 20 0 1 0 135 117 162 135 
14 1 19 0 0 28 26 0 0 167 0 192 175 134 
2 15 92 62 48 88 60 0 0 0 220 104 230 
15 1 26 0 15 26 45 0 0 0 80 0 0 109 
2 24 0 0 25 17 22 0 0 107 126 0 138 
16 1 0 0 0 0 0 0 0 0 0 0 0 0 
*************************
RESOURCEAVAILABILITIES:
R 1 R 2 R 3 R 4 R 5 R 6 N 1 N 2 N 3 N 4 N 5 
157 66 65 67 73 1 1993 2227 1071 1322 1684 
