seed 9234744645
horizon 351
jobs 16
RESOURCES
renewable 5 r
non-renewable 3 n
double 0 d
*************************
pronr.
Apenas caso queira mais informacoes, adicionar aqui
*************************
PRECEDENCE
jobnr.    #modes  #successors   successors
1 1 3 2 13 6
2 3 3 11 3 12
3 1 3 11 4 5
4 4 2 10 11
5 4 3 10 14 8
6 4 3 11 12 15
7 2 3 10 11 4
8 3 3 10 4 14
9 2 3 3 12 5
10 2 1 16
11 4 1 16
12 4 3 3 5 14
13 4 1 16
14 1 3 10 4 7
15 2 3 9 3 4
16 1 0
*************************
REQUESTS/DURATIONS:
jobnr. mode duration 	R1	R2	R3	R4	R5	N1	N2	N3	
-------------------------
1 1 0 0 0 0 0 0 0 0 0 
2 1 22 19 43 60 0 0 0 0 139 
2 17 0 54 67 0 0 0 0 0 
3 13 0 110 85 27 0 341 0 214 
3 1 18 0 0 25 31 0 88 218 171 
4 1 13 90 0 0 80 0 0 0 0 
2 23 0 59 0 0 0 0 168 117 
3 18 0 0 75 0 0 0 110 0 
4 14 77 38 66 25 0 165 0 160 
5 1 14 0 38 47 72 0 308 192 0 
2 29 0 30 50 0 0 128 124 0 
3 16 63 75 75 88 0 0 219 181 
4 30 15 36 0 23 0 60 110 98 
6 1 18 0 0 0 45 0 0 228 0 
2 29 40 37 0 0 0 145 0 130 
3 28 53 0 0 0 0 0 0 0 
4 24 0 0 46 0 0 146 158 0 
7 1 23 0 0 28 63 0 148 169 109 
2 24 60 26 33 0 0 182 0 158 
8 1 23 0 59 0 0 0 139 0 0 
2 21 0 0 64 38 0 0 87 171 
3 11 0 81 30 109 0 0 0 316 
9 1 24 13 23 37 13 1 101 0 166 
2 28 0 26 31 0 1 0 117 0 
10 1 24 0 0 43 0 0 0 0 0 
2 12 0 0 60 0 0 0 342 0 
11 1 29 0 40 0 0 0 118 72 94 
2 30 0 30 44 0 0 144 148 115 
3 30 38 47 45 0 0 129 72 0 
4 30 45 47 43 0 0 82 0 127 
12 1 18 48 0 80 41 1 100 0 108 
2 18 0 51 63 0 1 188 133 196 
3 26 0 36 0 57 1 0 106 116 
4 23 0 41 19 18 1 103 169 191 
13 1 13 46 0 0 34 0 150 286 0 
2 11 120 51 0 57 0 360 0 0 
3 28 38 37 0 41 0 0 80 144 
4 30 25 0 0 41 0 0 61 123 
14 1 24 0 60 21 22 0 62 137 0 
15 1 10 0 129 0 0 0 150 219 0 
2 20 36 0 0 66 0 195 180 0 
16 1 0 0 0 0 0 0 0 0 0 
*************************
RESOURCEAVAILABILITIES:
R 1 R 2 R 3 R 4 R 5 N 1 N 2 N 3 
59 88 75 53 1 2615 2035 2202 
