seed 1616897294
horizon 366
jobs 16
RESOURCES
renewable 5 r
non-renewable 3 n
double 0 d
*************************
pronr.
Apenas caso queira mais informacoes, adicionar aqui
*************************
PRECEDENCE
jobnr.    #modes  #successors   successors
1 1 3 5 6 15
2 4 3 10 3 4
3 4 1 16
4 3 3 9 10 8
5 2 3 3 13 7
6 4 3 11 12 7
7 4 3 9 2 12
8 3 1 16
9 4 3 10 13 8
10 4 3 3 13 8
11 2 3 2 3 8
12 4 3 11 13 14
13 2 1 16
14 2 3 9 4 13
15 4 3 9 4 14
16 1 0
*************************
REQUESTS/DURATIONS:
jobnr. mode duration 	R1	R2	R3	R4	R5	N1	N2	N3	
-------------------------
1 1 0 0 0 0 0 0 0 0 0 
2 1 12 0 90 0 110 0 0 252 240 
2 25 18 0 57 48 0 103 81 0 
3 27 0 40 47 0 0 58 0 81 
4 14 49 36 0 0 0 276 212 0 
3 1 30 23 38 13 0 0 0 0 0 
2 23 62 26 23 0 0 166 140 80 
3 21 0 0 65 52 0 178 138 172 
4 20 0 33 61 33 0 0 103 201 
4 1 15 66 0 52 76 0 194 0 0 
2 14 0 0 42 0 0 289 0 107 
3 15 0 24 78 0 0 300 276 0 
5 1 11 0 30 0 0 0 0 300 384 
2 30 0 50 38 22 0 55 0 104 
6 1 24 23 0 16 52 0 92 0 77 
2 20 0 34 39 37 0 0 0 103 
3 12 0 0 85 105 0 0 0 0 
4 22 13 0 62 0 0 0 70 0 
7 1 24 21 0 43 43 0 141 141 168 
2 28 0 0 0 28 0 0 0 152 
3 24 62 35 0 0 0 0 0 141 
4 26 38 48 0 25 0 96 0 92 
8 1 26 13 0 49 0 0 0 113 0 
2 30 39 0 0 12 0 96 0 0 
3 20 0 66 0 73 0 0 199 0 
9 1 30 0 22 18 0 0 64 50 94 
2 23 0 50 49 0 0 0 0 0 
3 30 16 32 36 0 0 118 0 137 
4 19 31 77 18 0 0 0 0 0 
10 1 28 37 0 41 42 0 72 126 0 
2 27 54 0 0 0 0 60 0 133 
3 11 57 0 0 0 0 0 0 349 
4 28 12 49 0 22 0 0 0 0 
11 1 24 38 46 22 0 0 182 168 183 
2 15 70 34 0 0 0 0 246 196 
12 1 25 60 0 36 0 0 172 0 116 
2 13 39 94 69 71 0 180 260 0 
3 12 0 0 45 0 0 282 317 350 
4 16 18 56 82 71 0 170 0 0 
13 1 23 46 0 0 54 0 169 0 0 
2 16 78 0 0 0 0 0 150 0 
14 1 11 62 0 92 120 0 182 387 141 
2 23 45 26 52 0 0 109 104 143 
15 1 29 15 16 0 0 0 0 138 0 
2 21 32 0 0 60 0 168 90 0 
3 19 0 77 39 34 0 108 0 168 
4 20 21 54 0 57 0 0 219 0 
16 1 0 0 0 0 0 0 0 0 0 
*************************
RESOURCEAVAILABILITIES:
R 1 R 2 R 3 R 4 R 5 N 1 N 2 N 3 
73 60 74 38 1 2591 3044 3408 
