seed 5641417337
horizon 351
jobs 16
RESOURCES
renewable 3 r
non-renewable 5 n
double 0 d
*************************
pronr.
Apenas caso queira mais informacoes, adicionar aqui
*************************
PRECEDENCE
jobnr.    #modes  #successors   successors
1 1 3 11 12 8
2 1 3 3 4 14
3 3 1 16
4 3 2 3 14
5 1 3 10 13 15
6 3 3 2 4 7
7 1 3 2 4 14
8 4 3 3 4 15
9 3 3 2 6 7
10 3 3 9 4 6
11 3 3 3 5 7
12 3 1 16
13 4 3 2 14 10
14 3 1 16
15 3 3 3 13 7
16 1 0
*************************
REQUESTS/DURATIONS:
jobnr. mode duration 	R1	R2	R3	N1	N2	N3	N4	N5	
-------------------------
1 1 0 0 0 0 0 0 0 0 0 
2 1 21 55 31 0 0 122 0 0 177 
3 1 10 0 0 0 390 306 237 186 0 
2 14 105 0 0 0 201 246 0 212 
3 19 0 75 0 0 123 0 202 0 
4 1 23 63 33 1 0 0 104 123 153 
2 26 31 0 1 136 0 121 93 69 
3 16 0 0 1 108 245 0 183 221 
5 1 28 0 11 0 130 0 157 116 106 
6 1 28 0 0 0 135 0 114 76 137 
2 18 60 75 0 0 0 111 0 110 
3 16 0 43 0 0 281 234 0 221 
7 1 13 0 41 0 136 0 330 0 140 
8 1 20 61 54 0 208 160 220 214 0 
2 27 0 0 0 141 0 84 107 101 
3 16 54 0 0 213 118 0 0 0 
4 19 39 20 0 129 0 0 0 0 
9 1 27 36 0 0 0 0 85 0 161 
2 19 60 0 0 121 0 210 0 219 
3 27 0 0 0 0 162 122 88 0 
10 1 17 0 26 0 0 111 109 0 158 
2 22 0 16 0 0 107 184 73 0 
3 28 41 18 0 0 55 139 53 0 
11 1 24 52 0 0 0 0 0 0 160 
2 29 39 47 0 0 0 0 142 0 
3 26 0 0 0 0 0 96 99 163 
12 1 20 16 48 0 0 97 210 213 0 
2 22 0 0 0 0 159 171 0 0 
3 26 55 0 0 0 0 160 76 0 
13 1 14 92 87 0 126 0 0 0 0 
2 11 106 128 0 365 406 0 0 0 
3 25 0 40 0 0 67 0 172 0 
4 27 33 37 0 87 135 0 0 128 
14 1 14 55 0 0 214 0 321 265 0 
2 27 0 0 0 153 0 125 0 0 
3 27 31 15 0 122 0 147 0 116 
15 1 18 0 0 0 0 0 0 83 243 
2 19 0 33 0 197 181 0 102 175 
3 25 0 57 0 166 0 172 0 144 
16 1 0 0 0 0 0 0 0 0 0 
*************************
RESOURCEAVAILABILITIES:
R 1 R 2 R 3 N 1 N 2 N 3 N 4 N 5 
78 63 1 2886 2860 2273 1612 1810 
