seed 3679813658
horizon 332
jobs 16
RESOURCES
renewable 4 r
non-renewable 5 n
double 0 d
*************************
pronr.
Apenas caso queira mais informacoes, adicionar aqui
*************************
PRECEDENCE
jobnr.    #modes  #successors   successors
1 1 3 3 12 5
2 1 1 16
3 3 3 4 14 15
4 4 3 9 13 8
5 3 3 2 14 10
6 3 3 9 2 13
7 1 3 6 15 8
8 2 1 16
9 1 3 2 11 8
10 3 3 11 4 7
11 4 3 13 15 8
12 4 3 2 4 6
13 4 1 16
14 4 3 10 13 8
15 1 3 2 13 8
16 1 0
*************************
REQUESTS/DURATIONS:
jobnr. mode duration 	R1	R2	R3	R4	N1	N2	N3	N4	N5	
-------------------------
1 1 0 0 0 0 0 0 0 0 0 0 
2 1 28 49 0 0 0 0 0 0 0 60 
3 1 21 40 0 37 0 180 0 0 0 71 
2 14 57 51 79 0 227 167 0 0 156 
3 28 26 0 42 0 0 110 135 121 62 
4 1 27 13 16 51 1 0 76 0 0 57 
2 14 79 0 66 1 240 0 257 0 0 
3 29 34 20 0 1 60 71 106 144 95 
4 27 37 0 0 1 114 152 0 123 0 
5 1 14 75 79 0 0 0 0 297 190 0 
2 21 0 20 17 0 0 81 161 71 148 
3 20 66 73 57 0 207 220 88 102 187 
6 1 30 41 0 25 0 143 89 0 0 0 
2 16 0 22 35 0 236 0 0 195 166 
3 27 0 0 0 0 0 78 65 164 0 
7 1 19 0 0 0 0 0 176 123 83 0 
8 1 16 0 54 0 0 225 140 185 123 0 
2 25 0 24 0 0 0 0 136 0 148 
9 1 10 0 99 135 0 0 252 0 0 315 
10 1 21 0 47 0 0 167 208 0 165 134 
2 14 0 96 0 0 184 154 111 130 0 
3 26 24 34 57 0 122 0 0 0 0 
11 1 15 74 20 78 0 216 0 214 122 0 
2 27 21 37 11 0 98 105 0 132 91 
3 26 0 19 26 0 151 0 166 117 0 
4 18 70 53 0 0 120 0 228 238 246 
12 1 13 34 0 115 0 0 0 0 147 226 
2 12 0 122 35 0 305 0 142 300 205 
3 23 63 0 0 0 178 93 161 0 0 
4 11 92 0 95 0 0 330 248 250 283 
13 1 20 34 55 46 0 0 205 189 0 0 
2 16 33 0 0 0 0 208 213 253 0 
3 17 72 38 54 0 247 114 150 118 90 
4 26 0 0 0 0 0 0 88 0 0 
14 1 11 95 87 0 0 384 0 0 335 354 
2 22 0 0 0 0 0 133 0 0 152 
3 27 47 0 53 0 64 73 136 86 56 
4 27 45 17 0 0 144 132 0 0 0 
15 1 13 55 62 69 0 0 276 0 0 0 
16 1 0 0 0 0 0 0 0 0 0 0 
*************************
RESOURCEAVAILABILITIES:
R 1 R 2 R 3 R 4 N 1 N 2 N 3 N 4 N 5 
89 130 159 1 1992 1790 1991 1601 2138 
