seed 9658320257
horizon 369
jobs 16
RESOURCES
renewable 6 r
non-renewable 2 n
double 0 d
*************************
pronr.
Apenas caso queira mais informacoes, adicionar aqui
*************************
PRECEDENCE
jobnr.    #modes  #successors   successors
1 1 3 9 2 11
2 2 3 5 15 8
3 4 3 13 14 15
4 3 1 16
5 2 3 13 14 7
6 4 3 3 4 15
7 4 3 4 3 12
8 3 3 10 5 6
9 1 3 12 4 13
10 2 3 4 13 7
11 4 1 16
12 2 3 14 13 6
13 4 1 16
14 3 2 4 13
15 4 3 4 13 14
16 1 0
*************************
REQUESTS/DURATIONS:
jobnr. mode duration 	R1	R2	R3	R4	R5	R6	N1	N2	
-------------------------
1 1 0 0 0 0 0 0 0 0 0 
2 1 23 29 56 23 61 52 0 86 194 
2 30 14 0 0 11 25 0 138 117 
3 1 24 0 28 0 60 35 0 85 0 
2 22 42 65 68 20 0 0 114 107 
3 17 0 82 42 84 84 0 98 225 
4 16 0 0 71 45 56 0 0 277 
4 1 24 0 30 21 0 40 0 0 0 
2 18 48 0 0 0 70 0 116 0 
3 16 0 31 0 69 60 0 232 127 
5 1 22 17 0 42 54 55 1 141 0 
2 18 0 0 0 51 0 1 0 111 
6 1 30 31 39 47 0 11 0 109 119 
2 30 0 0 10 0 32 0 144 0 
3 19 33 0 34 52 56 0 0 118 
4 19 22 0 0 20 45 0 0 105 
7 1 11 95 122 117 0 106 0 308 343 
2 20 0 75 0 0 0 0 100 192 
3 28 41 34 0 0 25 0 118 0 
4 18 0 0 58 56 58 0 168 110 
8 1 29 0 0 42 25 0 0 0 112 
2 28 19 0 0 0 18 0 136 0 
3 21 21 0 0 71 0 0 131 87 
9 1 20 0 36 0 0 46 1 183 129 
10 1 30 42 0 0 41 24 0 145 73 
2 21 0 32 28 68 71 0 0 0 
11 1 23 40 0 63 0 0 1 84 0 
2 17 38 22 24 0 0 1 174 0 
3 17 0 35 47 0 0 1 0 187 
4 12 0 85 52 77 60 1 0 195 
12 1 28 11 16 34 33 39 0 135 0 
2 16 28 24 0 91 43 0 0 0 
13 1 22 66 17 23 64 0 0 0 0 
2 17 52 22 60 42 81 0 0 259 
3 13 0 0 0 60 36 0 182 0 
4 27 17 0 0 17 41 0 0 0 
14 1 20 0 58 28 0 0 0 139 91 
2 19 0 0 26 47 0 0 0 213 
3 25 0 60 39 15 0 0 121 85 
15 1 18 73 23 51 16 0 0 101 180 
2 13 41 64 55 0 0 0 223 168 
3 19 0 67 31 0 77 0 184 0 
4 29 0 0 11 27 11 0 0 61 
16 1 0 0 0 0 0 0 0 0 0 
*************************
RESOURCEAVAILABILITIES:
R 1 R 2 R 3 R 4 R 5 R 6 N 1 N 2 
34 65 45 69 69 1 2540 2856 
