seed 6678436320
horizon 396
jobs 18
RESOURCES
renewable 6 r
non-renewable 3 n
double 0 d
*************************
pronr.
Apenas caso queira mais informacoes, adicionar aqui
*************************
PRECEDENCE
jobnr.    #modes  #successors   successors
1 1 3 10 13 15
2 2 3 4 5 7
3 4 1 18
4 1 3 11 7 16
5 4 3 9 3 12
6 4 3 9 5 16
7 1 3 11 12 8
8 4 3 3 5 6
9 3 1 18
10 4 3 2 14 7
11 4 3 17 3 12
12 3 2 9 3
13 3 1 18
14 4 3 16 7 8
15 1 3 11 5 6
16 4 3 9 12 5
17 3 3 9 3 6
18 1 0
*************************
REQUESTS/DURATIONS:
jobnr. mode duration 	R1	R2	R3	R4	R5	R6	N1	N2	N3	
-------------------------
1 1 0 0 0 0 0 0 0 0 0 0 
2 1 27 0 14 16 48 27 0 84 125 136 
2 23 46 50 0 32 33 0 0 0 138 
3 1 27 0 0 38 18 45 0 0 156 64 
2 29 43 43 35 0 14 0 88 62 0 
3 19 69 37 22 0 0 0 213 211 0 
4 25 15 0 0 13 0 0 114 94 122 
4 1 17 30 26 0 28 51 0 217 164 232 
5 1 18 0 65 23 0 70 0 180 188 190 
2 26 0 43 0 0 38 0 155 167 109 
3 14 40 62 81 0 23 0 240 192 0 
4 29 32 0 42 38 21 0 133 0 0 
6 1 20 70 58 0 46 0 0 171 0 0 
2 22 47 17 0 50 62 0 0 88 0 
3 17 31 63 82 33 0 0 234 192 174 
4 12 0 77 35 0 80 0 345 0 287 
7 1 19 0 61 23 0 41 0 142 153 189 
8 1 15 98 98 80 0 100 0 0 0 188 
2 17 0 0 70 38 61 0 93 128 160 
3 12 55 52 97 105 0 0 0 0 0 
4 10 108 30 0 0 0 0 0 258 339 
9 1 14 75 0 38 0 21 0 0 244 186 
2 20 28 0 0 75 0 0 0 189 0 
3 12 92 0 92 0 0 0 0 305 0 
10 1 20 19 0 49 28 54 0 201 0 225 
2 25 0 0 0 0 39 0 160 166 0 
3 26 11 0 55 43 32 0 63 115 0 
4 17 0 0 0 0 42 0 105 0 0 
11 1 21 0 0 0 0 15 0 205 114 0 
2 19 56 44 0 0 75 0 0 134 0 
3 25 0 30 14 26 57 0 0 103 0 
4 16 65 91 60 73 30 0 142 226 144 
12 1 23 35 22 37 13 43 0 0 125 76 
2 13 90 60 0 0 96 0 0 136 265 
3 26 32 42 0 12 54 0 159 0 165 
13 1 22 0 40 0 55 13 0 204 83 0 
2 14 25 0 0 0 85 0 197 0 0 
3 26 0 0 31 49 34 0 151 100 0 
14 1 20 67 40 70 0 51 0 138 195 216 
2 27 0 0 51 0 51 0 0 0 60 
3 28 0 0 12 22 19 0 142 144 150 
4 20 70 46 22 18 19 0 186 219 0 
15 1 29 0 11 42 32 21 0 0 145 60 
16 1 18 63 21 20 50 51 0 0 0 0 
2 26 55 0 30 0 0 0 171 85 57 
3 23 56 52 29 63 0 0 164 87 0 
4 11 79 32 0 0 90 0 0 0 305 
17 1 30 30 25 11 0 0 0 0 123 149 
2 15 42 0 70 98 56 0 0 0 110 
3 20 0 48 58 16 0 0 0 0 0 
18 1 0 0 0 0 0 0 0 0 0 0 
*************************
RESOURCEAVAILABILITIES:
R 1 R 2 R 3 R 4 R 5 R 6 N 1 N 2 N 3 
79 87 65 62 76 1 3006 2648 3127 
