seed 3691632072
horizon 389
jobs 18
RESOURCES
renewable 5 r
non-renewable 4 n
double 0 d
*************************
pronr.
Apenas caso queira mais informacoes, adicionar aqui
*************************
PRECEDENCE
jobnr.    #modes  #successors   successors
1 1 3 2 13 7
2 1 3 17 4 8
3 2 1 18
4 4 1 18
5 2 3 12 4 8
6 3 3 3 12 5
7 1 3 11 3 6
8 3 3 9 3 11
9 3 1 18
10 3 3 12 15 16
11 3 3 4 9 12
12 4 3 9 3 4
13 1 3 10 3 16
14 2 3 5 6 15
15 3 3 3 5 6
16 3 3 9 5 14
17 1 3 12 14 15
18 1 0
*************************
REQUESTS/DURATIONS:
jobnr. mode duration 	R1	R2	R3	R4	R5	N1	N2	N3	N4	
-------------------------
1 1 0 0 0 0 0 0 0 0 0 0 
2 1 25 38 33 0 0 0 90 0 66 124 
3 1 28 37 17 28 45 0 82 125 0 155 
2 30 0 0 0 33 0 0 112 130 0 
4 1 11 90 51 98 114 1 0 212 185 330 
2 19 44 69 0 37 1 0 0 121 115 
3 22 21 64 0 42 1 0 0 0 0 
4 26 0 24 56 16 1 80 143 76 68 
5 1 26 28 51 30 21 0 94 0 0 160 
2 13 99 0 60 0 0 136 0 0 0 
6 1 13 0 90 110 0 0 168 0 0 330 
2 12 37 42 0 55 0 0 127 360 0 
3 26 19 56 19 34 0 0 57 171 0 
7 1 20 43 33 0 0 0 97 0 0 0 
8 1 19 0 0 0 58 0 154 227 0 213 
2 16 61 33 86 46 0 172 180 151 0 
3 10 114 0 81 0 0 0 294 0 0 
9 1 14 23 64 38 98 1 0 0 259 0 
2 18 0 63 33 0 1 180 0 111 0 
3 17 0 70 0 0 1 225 158 135 185 
10 1 28 45 48 16 20 0 0 0 143 79 
2 10 147 93 0 57 0 351 387 237 0 
3 20 0 31 0 0 0 192 0 216 172 
11 1 26 27 35 0 38 0 0 125 0 108 
2 12 117 0 35 90 0 220 175 0 157 
3 14 0 0 0 92 0 0 293 0 0 
12 1 10 0 87 0 135 0 0 180 399 357 
2 24 56 0 26 35 0 0 0 176 80 
3 24 35 0 27 26 0 0 0 0 0 
4 24 21 38 35 0 0 103 67 172 0 
13 1 27 0 54 12 55 0 154 0 0 133 
14 1 10 0 48 105 0 0 441 306 312 261 
2 22 49 30 23 0 0 162 199 0 113 
15 1 22 55 15 46 32 0 69 75 189 150 
2 17 0 0 58 49 0 208 90 220 0 
3 29 22 0 31 28 0 0 68 104 0 
16 1 14 0 81 79 0 0 0 0 147 0 
2 28 31 33 0 0 0 145 67 64 0 
3 20 49 0 64 27 0 75 207 0 0 
17 1 15 0 82 0 0 0 0 0 218 300 
18 1 0 0 0 0 0 0 0 0 0 0 
*************************
RESOURCEAVAILABILITIES:
R 1 R 2 R 3 R 4 R 5 N 1 N 2 N 3 N 4 
65 101 58 96 1 2203 2330 2562 2737 
