seed 4026464685
horizon 354
jobs 18
RESOURCES
renewable 5 r
non-renewable 3 n
double 0 d
*************************
pronr.
Apenas caso queira mais informacoes, adicionar aqui
*************************
PRECEDENCE
jobnr.    #modes  #successors   successors
1 1 3 11 6 7
2 3 1 18
3 1 3 10 14 16
4 3 1 18
5 4 3 2 4 14
6 4 3 17 2 3
7 2 3 5 13 15
8 1 3 9 13 15
9 3 3 10 4 5
10 1 3 4 5 15
11 1 3 9 2 12
12 4 3 3 5 8
13 2 3 17 2 4
14 4 1 18
15 3 3 2 4 5
16 4 3 13 15 8
17 4 3 9 2 4
18 1 0
*************************
REQUESTS/DURATIONS:
jobnr. mode duration 	R1	R2	R3	R4	R5	N1	N2	N3	
-------------------------
1 1 0 0 0 0 0 0 0 0 0 
2 1 17 61 35 72 52 0 261 125 188 
2 11 130 0 90 95 0 349 270 0 
3 13 57 69 0 0 0 193 0 316 
3 1 17 86 31 75 22 0 206 213 167 
4 1 14 53 94 0 0 0 280 220 0 
2 17 0 52 0 0 0 158 0 234 
3 25 49 31 39 46 0 105 0 97 
5 1 19 78 56 56 77 0 105 154 0 
2 16 50 0 60 56 0 0 151 225 
3 16 63 60 56 22 0 236 150 0 
4 18 21 0 71 16 0 0 0 0 
6 1 11 32 0 0 0 0 0 319 395 
2 18 66 61 0 20 0 0 173 0 
3 26 54 0 41 0 0 79 0 0 
4 27 0 30 46 0 0 117 144 63 
7 1 23 15 46 0 23 0 121 100 0 
2 23 0 48 22 50 0 74 0 159 
8 1 14 0 0 90 36 0 0 216 190 
9 1 14 0 62 64 85 0 0 0 276 
2 29 32 16 0 0 0 55 65 127 
3 21 17 34 50 0 0 147 0 82 
10 1 11 0 0 125 65 0 141 0 212 
11 1 13 46 0 110 78 0 265 131 0 
12 1 15 100 62 0 0 1 202 224 120 
2 21 0 0 0 51 1 0 0 131 
3 26 46 18 0 11 1 148 0 156 
4 27 48 0 0 31 1 62 143 118 
13 1 28 12 11 0 49 0 0 75 0 
2 12 0 0 55 82 0 175 0 0 
14 1 14 0 81 0 30 0 276 218 190 
2 24 42 23 13 25 0 0 185 0 
3 19 58 44 0 78 0 154 150 0 
4 24 0 0 0 40 0 115 0 156 
15 1 14 72 0 27 0 0 107 0 0 
2 29 0 14 0 19 0 128 123 0 
3 20 0 0 64 0 0 193 184 190 
16 1 21 0 0 0 38 0 0 100 0 
2 16 65 0 0 0 0 0 125 273 
3 20 0 63 0 0 0 0 0 138 
4 19 55 41 75 75 0 0 94 0 
17 1 26 0 0 27 0 0 123 152 109 
2 20 0 27 19 75 0 207 0 120 
3 30 0 12 0 26 0 0 0 0 
4 18 46 0 68 0 0 0 93 0 
18 1 0 0 0 0 0 0 0 0 0 
*************************
RESOURCEAVAILABILITIES:
R 1 R 2 R 3 R 4 R 5 N 1 N 2 N 3 
117 86 136 107 1 4229 2871 3402 
