seed 2643390272
horizon 366
jobs 18
RESOURCES
renewable 3 r
non-renewable 3 n
double 0 d
*************************
pronr.
Apenas caso queira mais informacoes, adicionar aqui
*************************
PRECEDENCE
jobnr.    #modes  #successors   successors
1 1 3 2 12 15
2 2 3 11 3 13
3 4 1 18
4 1 3 3 5 6
5 4 1 18
6 3 1 18
7 2 3 9 4 14
8 3 3 17 3 16
9 3 3 4 11 3
10 4 3 9 4 6
11 4 3 3 16 8
12 3 3 10 11 14
13 3 3 10 4 7
14 4 3 4 5 16
15 3 3 17 5 13
16 2 3 17 5 6
17 3 3 4 5 6
18 1 0
*************************
REQUESTS/DURATIONS:
jobnr. mode duration 	R1	R2	R3	N1	N2	N3	
-------------------------
1 1 0 0 0 0 0 0 0 
2 1 19 0 69 0 194 181 0 
2 11 122 0 0 160 150 0 
3 1 25 54 22 1 0 0 80 
2 13 101 0 1 313 221 327 
3 15 0 0 1 156 190 186 
4 12 0 0 1 212 0 367 
4 1 11 0 0 0 0 0 215 
5 1 19 37 37 0 80 197 78 
2 20 34 45 0 0 183 0 
3 19 0 60 0 82 86 0 
4 20 19 39 0 183 217 0 
6 1 13 0 103 1 0 133 186 
2 15 84 32 1 0 160 162 
3 25 20 0 1 0 175 138 
7 1 11 0 0 0 321 365 0 
2 11 79 0 0 226 0 0 
8 1 24 28 0 1 0 0 137 
2 18 78 63 1 86 0 0 
3 28 53 30 1 0 117 92 
9 1 22 21 24 0 85 0 0 
2 13 62 0 0 0 0 0 
3 23 49 15 0 159 0 0 
10 1 16 0 18 0 0 238 151 
2 18 63 31 0 138 113 0 
3 21 58 37 0 0 208 108 
4 11 60 0 0 155 313 370 
11 1 23 46 15 1 0 112 186 
2 26 57 18 1 0 159 0 
3 10 0 114 1 258 342 429 
4 14 70 42 1 240 0 111 
12 1 29 33 47 0 0 0 0 
2 17 67 60 0 0 232 0 
3 13 0 0 0 0 0 0 
13 1 15 24 58 0 290 0 188 
2 26 40 0 0 0 0 0 
3 28 0 0 0 0 157 0 
14 1 14 0 30 0 220 0 0 
2 25 0 32 0 0 99 180 
3 13 0 0 0 274 115 330 
4 25 45 0 0 168 0 0 
15 1 14 66 0 0 0 0 0 
2 24 36 0 0 183 105 186 
3 17 0 21 0 0 0 217 
16 1 26 15 0 0 0 126 122 
2 23 0 0 0 90 0 148 
17 1 25 19 13 1 69 120 172 
2 19 77 0 1 154 0 137 
3 16 90 30 1 202 0 273 
18 1 0 0 0 0 0 0 0 
*************************
RESOURCEAVAILABILITIES:
R 1 R 2 R 3 N 1 N 2 N 3 
74 67 1 3271 3342 3553 
