seed 1546675033
horizon 372
jobs 18
RESOURCES
renewable 6 r
non-renewable 2 n
double 0 d
*************************
pronr.
Apenas caso queira mais informacoes, adicionar aqui
*************************
PRECEDENCE
jobnr.    #modes  #successors   successors
1 1 3 9 10 15
2 2 3 11 12 13
3 4 3 17 4 5
4 3 3 12 14 7
5 2 2 17 8
6 1 3 11 7 16
7 1 3 17 11 5
8 1 1 18
9 2 3 11 7 16
10 3 1 18
11 1 3 17 12 8
12 3 3 17 5 8
13 4 3 17 6 8
14 4 3 2 5 7
15 1 3 3 6 8
16 1 3 11 12 5
17 4 1 18
18 1 0
*************************
REQUESTS/DURATIONS:
jobnr. mode duration 	R1	R2	R3	R4	R5	R6	N1	N2	
-------------------------
1 1 0 0 0 0 0 0 0 0 0 
2 1 14 0 40 72 0 0 0 0 319 
2 26 0 0 31 0 28 0 81 68 
3 1 19 0 0 0 18 0 0 0 192 
2 24 47 42 32 48 0 0 111 153 
3 17 0 0 67 56 19 0 0 190 
4 27 30 34 0 55 0 0 0 0 
4 1 24 0 0 0 38 0 0 133 0 
2 11 60 0 0 0 70 0 379 343 
3 27 0 0 44 44 51 0 0 86 
5 1 14 60 0 94 0 0 0 308 295 
2 27 0 22 51 0 22 0 0 107 
6 1 11 100 27 0 0 70 0 379 0 
7 1 26 50 55 30 45 13 0 118 0 
8 1 20 45 63 75 49 69 0 147 184 
9 1 15 0 0 0 0 30 0 134 102 
2 10 90 0 102 96 132 0 0 174 
10 1 19 48 0 23 63 63 0 108 191 
2 26 0 35 33 0 0 0 153 171 
3 16 43 67 0 52 28 0 204 150 
11 1 27 0 13 47 44 18 0 158 151 
12 1 19 0 0 30 0 0 0 0 175 
2 28 36 38 0 46 36 0 99 0 
3 29 0 28 10 0 34 0 143 99 
13 1 26 0 20 13 30 13 0 0 80 
2 19 64 0 30 52 75 0 0 0 
3 22 45 0 31 25 25 0 0 186 
4 27 0 36 46 0 54 0 0 0 
14 1 25 12 0 36 16 27 0 79 0 
2 15 0 0 58 80 38 0 0 102 
3 13 0 0 34 0 80 0 129 288 
4 18 38 55 23 28 80 0 180 173 
15 1 16 84 91 33 22 0 1 93 215 
16 1 18 0 0 38 0 0 0 0 126 
17 1 16 0 80 0 61 69 0 236 189 
2 15 90 0 48 50 36 0 108 102 
3 25 0 0 12 40 46 0 99 68 
4 20 75 28 64 0 27 0 129 121 
18 1 0 0 0 0 0 0 0 0 0 
*************************
RESOURCEAVAILABILITIES:
R 1 R 2 R 3 R 4 R 5 R 6 N 1 N 2 
125 105 94 76 95 1 2400 2978 
