seed 2408917024
horizon 367
jobs 18
RESOURCES
renewable 3 r
non-renewable 2 n
double 0 d
*************************
pronr.
Apenas caso queira mais informacoes, adicionar aqui
*************************
PRECEDENCE
jobnr.    #modes  #successors   successors
1 1 3 8 14 16
2 2 3 11 12 5
3 4 3 9 10 4
4 2 1 18
5 2 3 9 11 13
6 1 3 10 5 15
7 2 3 2 11 12
8 3 3 10 6 7
9 4 1 18
10 1 3 17 9 4
11 4 3 10 3 4
12 4 3 10 11 13
13 4 3 9 3 4
14 1 3 2 4 5
15 4 3 2 3 7
16 1 3 11 3 15
17 2 1 18
18 1 0
*************************
REQUESTS/DURATIONS:
jobnr. mode duration 	R1	R2	R3	N1	N2	
-------------------------
1 1 0 0 0 0 0 0 
2 1 12 85 72 0 0 285 
2 22 0 15 0 111 0 
3 1 13 0 94 0 161 133 
2 29 25 37 0 128 0 
3 16 76 63 0 106 0 
4 13 48 110 0 311 0 
4 1 16 0 35 0 185 97 
2 28 13 34 0 147 0 
5 1 30 41 0 0 0 144 
2 25 42 0 0 0 152 
6 1 13 115 46 0 182 0 
7 1 17 0 42 0 141 128 
2 23 39 23 0 0 0 
8 1 23 14 65 1 79 0 
2 24 0 0 1 122 0 
3 23 58 0 1 0 155 
9 1 13 103 0 0 0 0 
2 29 0 0 0 144 0 
3 19 56 0 0 113 0 
4 20 0 39 0 127 192 
10 1 13 25 27 1 143 0 
11 1 18 28 0 0 0 140 
2 15 60 38 0 148 0 
3 12 87 40 0 0 217 
4 14 83 0 0 0 0 
12 1 20 60 0 0 210 154 
2 16 0 54 0 243 271 
3 16 0 20 0 99 255 
4 17 0 31 0 217 0 
13 1 25 0 60 0 100 0 
2 22 0 0 0 0 87 
3 29 49 0 0 0 96 
4 20 0 0 0 0 0 
14 1 16 31 0 0 125 0 
15 1 27 21 25 0 106 0 
2 18 78 33 0 156 108 
3 30 0 0 0 0 0 
4 12 0 72 0 0 185 
16 1 24 18 35 0 66 0 
17 1 15 0 0 0 188 148 
2 19 28 0 0 167 99 
18 1 0 0 0 0 0 0 
*************************
RESOURCEAVAILABILITIES:
R 1 R 2 R 3 N 1 N 2 
121 59 1 2358 2565 
