seed 9214783979
horizon 377
jobs 18
RESOURCES
renewable 5 r
non-renewable 5 n
double 0 d
*************************
pronr.
Apenas caso queira mais informacoes, adicionar aqui
*************************
PRECEDENCE
jobnr.    #modes  #successors   successors
1 1 3 17 4 8
2 1 3 3 11 6
3 3 1 18
4 2 3 12 14 16
5 4 3 3 12 6
6 2 1 18
7 3 3 2 6 15
8 1 3 7 15 16
9 2 3 2 5 10
10 3 3 11 5 6
11 4 3 3 5 6
12 2 1 18
13 4 3 9 2 12
14 4 3 9 13 5
15 2 3 11 3 14
16 1 3 10 3 14
17 1 3 9 13 7
18 1 0
*************************
REQUESTS/DURATIONS:
jobnr. mode duration 	R1	R2	R3	R4	R5	N1	N2	N3	N4	N5	
-------------------------
1 1 0 0 0 0 0 0 0 0 0 0 0 
2 1 28 0 46 48 17 0 0 0 140 0 0 
3 1 20 16 58 0 0 1 0 0 0 0 0 
2 16 0 0 65 73 1 0 245 0 0 120 
3 11 0 122 0 35 1 212 207 182 381 174 
4 1 18 33 0 83 80 0 0 0 208 183 83 
2 28 34 0 39 42 0 100 0 0 102 0 
5 1 15 0 0 0 0 0 146 0 292 0 0 
2 26 17 0 0 0 0 165 0 0 0 122 
3 21 71 0 0 0 0 0 0 0 78 0 
4 24 35 17 42 0 0 182 163 173 0 66 
6 1 24 0 56 0 33 0 87 146 143 0 95 
2 13 53 96 76 115 0 0 0 316 263 0 
7 1 16 46 86 0 18 0 260 223 0 251 0 
2 18 0 71 0 25 0 83 110 228 145 0 
3 11 73 0 111 0 0 0 365 392 0 139 
8 1 30 29 18 0 36 0 105 62 127 71 140 
9 1 10 0 84 96 135 0 411 192 177 0 0 
2 27 41 14 0 48 0 0 82 108 0 93 
10 1 15 0 0 0 0 0 102 244 156 0 174 
2 21 28 0 0 70 0 158 151 0 0 0 
3 13 0 69 101 64 0 242 117 223 327 166 
11 1 16 88 67 82 61 0 0 110 93 103 0 
2 16 0 43 69 0 0 0 270 99 131 106 
3 21 42 15 37 14 0 0 94 140 0 0 
4 22 0 55 49 55 0 137 0 115 170 0 
12 1 17 17 0 0 0 1 197 0 0 183 187 
2 19 50 0 67 58 1 145 0 195 90 189 
13 1 11 0 0 0 81 0 291 212 0 248 0 
2 18 0 0 0 0 0 233 201 228 223 88 
3 23 53 22 45 0 0 183 91 172 0 157 
4 15 0 48 88 98 0 300 204 268 110 116 
14 1 20 49 42 16 72 0 219 82 121 0 0 
2 19 66 42 55 0 0 140 217 0 0 0 
3 19 63 0 47 0 0 105 151 0 0 217 
4 19 25 0 0 71 0 203 0 0 0 0 
15 1 17 52 0 82 0 0 150 234 0 0 217 
2 27 0 33 0 0 0 137 151 0 0 60 
16 1 30 10 0 0 31 0 136 0 90 0 81 
17 1 14 45 53 0 79 0 212 137 319 158 0 
18 1 0 0 0 0 0 0 0 0 0 0 0 
*************************
RESOURCEAVAILABILITIES:
R 1 R 2 R 3 R 4 R 5 N 1 N 2 N 3 N 4 N 5 
60 89 80 113 1 2481 2413 2758 2744 1352 
