seed 5484883694
horizon 347
jobs 18
RESOURCES
renewable 6 r
non-renewable 2 n
double 0 d
*************************
pronr.
Apenas caso queira mais informacoes, adicionar aqui
*************************
PRECEDENCE
jobnr.    #modes  #successors   successors
1 1 3 13 6 16
2 1 3 17 5 15
3 2 3 11 4 15
4 4 1 18
5 2 3 11 3 15
6 1 3 3 12 14
7 4 3 3 4 8
8 1 3 4 5 14
9 1 3 11 5 14
10 3 3 12 4 7
11 2 1 18
12 2 3 9 2 15
13 3 3 10 12 2
14 1 3 3 11 4
15 1 1 18
16 3 3 10 3 4
17 3 3 3 11 7
18 1 0
*************************
REQUESTS/DURATIONS:
jobnr. mode duration 	R1	R2	R3	R4	R5	R6	N1	N2	
-------------------------
1 1 0 0 0 0 0 0 0 0 0 
2 1 17 19 0 17 86 0 1 100 151 
3 1 26 0 0 0 0 36 0 156 72 
2 18 0 0 0 56 53 0 0 133 
4 1 15 82 68 36 70 30 1 0 0 
2 20 0 25 49 63 27 1 0 202 
3 21 0 0 37 55 0 1 202 0 
4 20 30 0 0 0 0 1 0 0 
5 1 28 21 51 15 0 25 0 55 0 
2 11 81 0 68 120 0 0 327 0 
6 1 12 0 105 90 120 80 0 240 362 
7 1 19 0 0 0 0 75 0 156 187 
2 17 0 0 42 21 0 0 208 234 
3 15 90 90 0 0 94 0 160 0 
4 25 13 60 24 0 36 0 130 99 
8 1 16 80 75 56 26 39 0 0 116 
9 1 10 144 66 78 0 0 0 450 354 
10 1 16 60 91 0 61 39 0 255 266 
2 29 49 42 46 25 49 0 0 0 
3 27 0 13 11 45 34 0 67 75 
11 1 27 0 18 26 0 50 1 0 165 
2 21 25 61 40 28 0 1 91 182 
12 1 19 0 0 47 0 0 0 0 0 
2 22 55 0 39 16 0 0 189 0 
13 1 19 0 60 66 74 33 0 210 97 
2 23 0 59 52 18 44 0 78 170 
3 24 52 16 16 60 0 0 0 0 
14 1 15 0 0 98 0 0 0 188 0 
15 1 18 0 0 66 0 40 0 126 0 
16 1 20 24 0 0 0 0 0 168 91 
2 21 0 54 40 20 0 0 171 214 
3 27 20 11 0 50 0 0 0 0 
17 1 30 0 10 0 0 26 0 103 71 
2 10 48 0 0 0 0 0 249 183 
3 28 20 0 26 39 0 0 0 0 
18 1 0 0 0 0 0 0 0 0 0 
*************************
RESOURCEAVAILABILITIES:
R 1 R 2 R 3 R 4 R 5 R 6 N 1 N 2 
148 128 118 145 89 1 2594 2369 
