seed 5270628960
horizon 425
jobs 18
RESOURCES
renewable 5 r
non-renewable 5 n
double 0 d
*************************
pronr.
Apenas caso queira mais informacoes, adicionar aqui
*************************
PRECEDENCE
jobnr.    #modes  #successors   successors
1 1 3 2 3 16
2 3 3 11 5 14
3 1 1 18
4 3 3 10 5 15
5 3 3 17 13 15
6 4 3 9 12 4
7 1 3 13 5 15
8 2 3 17 10 13
9 4 3 12 4 7
10 2 3 17 13 7
11 1 3 5 6 8
12 1 3 17 7 8
13 1 2 17 15
14 1 3 11 4 13
15 2 1 18
16 1 3 17 4 8
17 3 1 18
18 1 0
*************************
REQUESTS/DURATIONS:
jobnr. mode duration 	R1	R2	R3	R4	R5	N1	N2	N3	N4	N5	
-------------------------
1 1 0 0 0 0 0 0 0 0 0 0 0 
2 1 24 0 0 41 43 0 120 178 166 113 0 
2 13 48 92 0 53 0 0 0 0 325 0 
3 27 31 30 0 27 0 87 165 62 0 0 
3 1 23 15 53 65 0 0 70 79 0 0 0 
4 1 29 0 0 45 0 0 140 74 0 0 126 
2 15 0 32 44 0 0 0 182 0 292 142 
3 27 20 48 23 0 0 117 0 74 0 102 
5 1 24 0 0 0 42 0 0 0 101 0 0 
2 15 42 96 70 0 0 110 276 258 0 0 
3 12 82 0 32 115 0 0 270 360 290 0 
6 1 18 20 26 0 25 0 0 96 181 0 250 
2 21 71 67 27 0 0 0 127 214 0 111 
3 30 0 17 18 0 0 107 147 94 123 115 
4 14 53 62 100 0 0 214 137 141 139 312 
7 1 29 43 35 40 0 0 0 0 0 0 69 
8 1 30 49 34 0 18 0 0 51 57 116 0 
2 17 0 26 0 44 0 0 0 0 0 192 
9 1 13 0 48 55 0 0 270 276 0 341 191 
2 23 0 0 0 0 0 97 76 0 66 0 
3 21 68 0 65 0 0 165 0 200 0 114 
4 24 0 0 60 43 0 0 162 121 137 96 
10 1 23 59 39 37 0 0 0 70 142 75 82 
2 30 32 50 15 19 0 110 77 89 147 0 
11 1 30 39 0 0 18 0 0 52 115 139 0 
12 1 24 20 60 50 22 0 71 121 163 66 86 
13 1 13 103 101 0 80 0 0 138 276 0 207 
14 1 28 30 52 0 41 0 0 118 108 78 0 
15 1 13 73 0 0 0 0 166 196 140 0 228 
2 28 0 13 25 16 0 69 54 0 139 121 
16 1 28 30 0 18 0 0 0 139 0 94 111 
17 1 28 0 47 0 46 0 65 101 0 70 0 
2 12 95 0 0 0 0 240 355 327 0 0 
3 22 40 24 28 0 0 204 203 150 0 158 
18 1 0 0 0 0 0 0 0 0 0 0 0 
*************************
RESOURCEAVAILABILITIES:
R 1 R 2 R 3 R 4 R 5 N 1 N 2 N 3 N 4 N 5 
116 110 77 87 1 1480 1842 2178 2335 1566 
