seed 8458474959
horizon 386
jobs 18
RESOURCES
renewable 3 r
non-renewable 5 n
double 0 d
*************************
pronr.
Apenas caso queira mais informacoes, adicionar aqui
*************************
PRECEDENCE
jobnr.    #modes  #successors   successors
1 1 3 17 3 7
2 3 3 9 4 5
3 2 3 9 10 13
4 1 3 9 5 16
5 4 1 18
6 4 3 9 4 8
7 3 3 10 4 14
8 3 3 4 12 5
9 2 1 18
10 3 3 2 14 16
11 3 3 9 6 8
12 4 3 10 5 2
13 4 3 9 12 6
14 1 3 2 4 5
15 1 3 11 12 16
16 4 1 18
17 1 3 12 5 15
18 1 0
*************************
REQUESTS/DURATIONS:
jobnr. mode duration 	R1	R2	R3	N1	N2	N3	N4	N5	
-------------------------
1 1 0 0 0 0 0 0 0 0 0 
2 1 11 62 125 1 188 305 242 360 171 
2 16 82 0 1 0 0 0 153 232 
3 21 32 18 1 134 0 0 120 188 
3 1 17 68 30 0 88 238 262 0 0 
2 18 0 58 0 201 210 0 150 0 
4 1 16 41 22 0 95 0 232 204 133 
5 1 16 0 60 0 262 256 0 151 0 
2 14 87 0 0 197 201 0 0 291 
3 30 43 31 0 126 97 66 132 79 
4 17 42 65 0 0 259 0 0 201 
6 1 24 0 32 0 0 107 128 120 0 
2 12 102 25 0 0 175 142 367 190 
3 19 58 0 0 0 80 0 172 0 
4 17 79 82 0 102 90 0 231 104 
7 1 23 41 0 0 0 0 156 0 166 
2 11 35 79 0 0 166 0 0 0 
3 11 0 117 0 190 0 0 0 0 
8 1 19 26 26 0 203 0 0 0 140 
2 10 0 96 0 0 0 396 330 0 
3 30 40 42 0 0 57 80 0 0 
9 1 30 33 0 0 85 0 135 83 77 
2 16 46 0 0 121 0 0 0 208 
10 1 30 37 14 0 73 78 0 0 114 
2 12 47 97 0 182 0 245 0 217 
3 24 22 45 0 0 0 0 0 0 
11 1 15 90 0 0 0 184 250 0 280 
2 27 12 0 0 0 0 0 135 131 
3 13 0 0 0 0 0 0 302 196 
12 1 20 21 0 0 93 177 108 0 0 
2 26 31 0 0 90 71 0 115 0 
3 18 51 0 0 215 0 128 165 221 
4 25 28 0 0 75 0 121 81 0 
13 1 29 31 0 0 124 60 75 145 0 
2 30 22 0 0 140 108 72 0 139 
3 20 0 49 0 217 0 0 108 168 
4 18 0 0 0 191 118 186 205 233 
14 1 12 0 0 0 0 315 302 0 147 
15 1 15 98 0 0 0 162 120 110 0 
16 1 21 0 0 0 114 0 0 151 202 
2 30 33 0 0 0 0 0 63 70 
3 14 102 53 0 263 0 0 0 0 
4 12 0 112 0 142 282 0 180 0 
17 1 24 21 53 0 106 178 0 0 160 
18 1 0 0 0 0 0 0 0 0 0 
*************************
RESOURCEAVAILABILITIES:
R 1 R 2 R 3 N 1 N 2 N 3 N 4 N 5 
126 88 1 2321 2881 3105 3648 2819 
