seed 3609754741
horizon 408
jobs 18
RESOURCES
renewable 5 r
non-renewable 5 n
double 0 d
*************************
pronr.
Apenas caso queira mais informacoes, adicionar aqui
*************************
PRECEDENCE
jobnr.    #modes  #successors   successors
1 1 3 17 3 7
2 3 1 18
3 4 3 12 13 16
4 4 3 2 6 16
5 1 3 9 2 8
6 1 1 18
7 4 3 10 11 5
8 3 3 9 10 14
9 4 3 10 11 12
10 2 3 12 4 6
11 1 3 12 4 6
12 2 3 2 4 6
13 4 3 6 14 15
14 1 3 9 11 12
15 2 3 9 2 8
16 3 1 18
17 4 3 11 4 15
18 1 0
*************************
REQUESTS/DURATIONS:
jobnr. mode duration 	R1	R2	R3	R4	R5	N1	N2	N3	N4	N5	
-------------------------
1 1 0 0 0 0 0 0 0 0 0 0 0 
2 1 10 48 39 42 138 0 252 225 387 0 411 
2 10 0 0 0 129 0 198 318 0 321 165 
3 29 0 0 38 0 0 81 0 53 79 144 
3 1 16 52 35 0 0 0 121 142 127 232 245 
2 27 30 0 17 0 0 0 126 146 108 0 
3 27 45 24 31 11 0 105 115 131 121 0 
4 22 28 35 16 0 0 0 90 81 196 169 
4 1 11 0 0 0 0 0 338 0 384 0 0 
2 22 45 0 38 55 0 140 76 75 133 117 
3 30 38 0 0 49 0 0 0 102 0 71 
4 27 0 14 11 47 0 66 147 0 150 153 
5 1 21 0 68 0 0 0 0 0 214 182 0 
6 1 20 33 0 22 0 0 0 165 199 0 0 
7 1 20 0 39 0 69 0 109 0 132 0 217 
2 23 0 0 32 36 0 0 0 0 155 0 
3 14 0 0 100 0 0 310 250 0 0 248 
4 30 0 14 30 41 0 149 0 0 66 0 
8 1 14 0 51 0 0 0 0 139 160 0 287 
2 24 0 18 0 0 0 96 103 183 116 156 
3 17 0 81 40 54 0 183 155 165 123 0 
9 1 28 0 0 53 0 0 0 0 80 72 0 
2 30 24 49 21 36 0 0 75 0 0 134 
3 25 36 0 13 42 0 86 127 82 166 73 
4 25 34 22 48 38 0 156 0 112 180 116 
10 1 30 40 35 28 0 0 144 0 0 121 92 
2 15 20 0 0 0 0 0 114 290 244 156 
11 1 18 66 16 35 0 0 201 0 0 0 0 
12 1 11 27 103 95 0 0 158 343 0 294 283 
2 25 57 26 0 54 0 0 68 0 147 159 
13 1 19 44 47 53 18 0 0 186 217 0 183 
2 22 0 0 58 50 0 0 0 0 0 83 
3 10 45 132 0 0 0 222 0 0 0 0 
4 13 0 43 34 0 0 0 0 304 226 0 
14 1 28 0 16 32 32 0 125 0 109 86 0 
15 1 23 49 49 39 33 0 0 0 0 133 0 
2 17 58 35 0 0 0 195 215 164 148 0 
16 1 30 49 0 0 33 0 0 70 0 69 0 
2 30 33 37 0 0 0 0 0 94 0 0 
3 10 0 66 0 114 0 0 420 0 0 0 
17 1 21 0 0 0 50 0 155 147 182 78 122 
2 19 15 0 0 34 0 94 0 151 0 78 
3 21 37 21 48 0 0 0 198 210 0 0 
4 21 45 71 0 0 0 165 0 105 82 205 
18 1 0 0 0 0 0 0 0 0 0 0 0 
*************************
RESOURCEAVAILABILITIES:
R 1 R 2 R 3 R 4 R 5 N 1 N 2 N 3 N 4 N 5 
79 109 64 76 1 3276 3234 3638 2697 4226 
