seed 1359134601
horizon 355
jobs 18
RESOURCES
renewable 5 r
non-renewable 2 n
double 0 d
*************************
pronr.
Apenas caso queira mais informacoes, adicionar aqui
*************************
PRECEDENCE
jobnr.    #modes  #successors   successors
1 1 3 10 13 16
2 3 3 15 7 8
3 2 1 18
4 1 3 11 6 7
5 1 3 9 2 8
6 4 3 2 3 12
7 3 3 17 3 14
8 2 3 3 7 15
9 2 3 17 2 7
10 3 3 4 5 15
11 4 3 3 12 5
12 2 3 5 14 15
13 1 3 17 9 3
14 3 3 17 3 15
15 2 1 18
16 1 3 6 4 14
17 3 1 18
18 1 0
*************************
REQUESTS/DURATIONS:
jobnr. mode duration 	R1	R2	R3	R4	R5	N1	N2	
-------------------------
1 1 0 0 0 0 0 0 0 0 
2 1 14 0 62 49 81 0 0 0 
2 24 0 0 27 0 0 138 118 
3 10 102 0 102 0 0 0 402 
3 1 21 42 48 61 71 0 214 0 
2 17 0 0 0 75 0 88 171 
4 1 14 68 0 105 105 0 267 255 
5 1 15 22 88 72 0 0 282 102 
6 1 17 58 84 30 0 0 0 227 
2 26 0 51 36 0 0 120 148 
3 13 66 0 71 0 0 138 0 
4 17 56 0 0 0 0 250 229 
7 1 22 0 0 0 0 0 0 0 
2 25 0 50 30 14 0 94 0 
3 11 100 32 95 65 0 231 343 
8 1 29 0 0 51 36 0 0 0 
2 26 45 36 40 55 0 0 0 
9 1 18 51 65 28 0 0 0 203 
2 30 16 0 0 0 0 0 121 
10 1 20 15 0 37 19 0 97 0 
2 28 51 0 22 42 0 0 64 
3 20 0 0 16 63 0 222 0 
11 1 30 0 0 0 41 0 0 82 
2 10 96 54 45 63 0 342 435 
3 28 39 49 47 17 0 0 160 
4 27 0 34 35 0 0 130 130 
12 1 12 50 110 0 0 0 0 142 
2 23 0 29 23 0 0 109 0 
13 1 14 45 40 0 0 0 0 0 
14 1 12 0 57 60 125 0 262 292 
2 27 45 43 0 46 0 0 136 
3 26 26 36 11 27 0 0 147 
15 1 20 0 0 0 0 0 223 0 
2 16 0 39 0 0 0 140 136 
16 1 11 0 30 0 0 0 0 0 
17 1 10 0 33 60 102 0 270 300 
2 18 0 75 78 0 0 233 0 
3 11 0 128 62 0 0 0 0 
18 1 0 0 0 0 0 0 0 0 
*************************
RESOURCEAVAILABILITIES:
R 1 R 2 R 3 R 4 R 5 N 1 N 2 
87 114 112 120 1 2123 2937 
