seed 8295140142
horizon 350
jobs 18
RESOURCES
renewable 6 r
non-renewable 5 n
double 0 d
*************************
pronr.
Apenas caso queira mais informacoes, adicionar aqui
*************************
PRECEDENCE
jobnr.    #modes  #successors   successors
1 1 3 10 16 8
2 3 3 3 14 6
3 1 3 6 4 14
4 3 3 6 14 15
5 2 3 9 4 6
6 1 1 18
7 2 3 2 5 15
8 2 1 18
9 2 3 2 4 14
10 3 3 17 2 13
11 2 3 9 12 7
12 1 3 4 5 14
13 4 3 3 6 7
14 2 2 6 15
15 1 1 18
16 3 3 2 3 4
17 2 3 11 12 13
18 1 0
*************************
REQUESTS/DURATIONS:
jobnr. mode duration 	R1	R2	R3	R4	R5	R6	N1	N2	N3	N4	N5	
-------------------------
1 1 0 0 0 0 0 0 0 0 0 0 0 0 
2 1 10 0 66 0 63 0 0 0 321 441 261 411 
2 21 22 34 0 0 0 0 145 195 0 0 111 
3 23 14 57 43 45 27 0 80 99 92 0 0 
3 1 28 0 0 0 0 10 0 86 0 0 0 0 
4 1 15 0 0 74 66 94 0 216 0 0 170 210 
2 12 0 0 0 0 77 0 205 0 0 195 175 
3 22 38 39 51 0 47 0 95 0 94 0 0 
5 1 29 27 14 13 0 23 0 0 0 150 0 60 
2 20 0 19 19 61 0 0 82 157 0 0 81 
6 1 15 62 0 0 0 0 0 0 0 234 166 150 
7 1 30 48 27 0 48 26 1 0 0 89 0 0 
2 16 0 91 65 0 0 1 266 266 165 0 180 
8 1 17 0 84 21 0 61 0 0 264 0 0 97 
2 18 23 68 23 0 31 0 183 0 188 0 0 
9 1 17 72 45 0 0 72 0 158 0 188 121 236 
2 14 0 0 62 0 77 0 0 0 244 203 252 
10 1 30 0 42 39 0 20 0 88 0 0 122 59 
2 10 135 0 0 0 45 0 261 171 201 201 171 
3 22 64 65 20 0 0 0 0 129 184 197 0 
11 1 20 0 0 19 42 0 0 207 0 0 0 0 
2 16 56 0 0 0 60 0 0 0 204 123 0 
12 1 15 20 0 0 76 78 0 0 0 0 118 0 
13 1 17 28 0 42 74 72 0 0 123 0 0 0 
2 10 81 0 147 144 144 0 0 0 450 435 192 
3 18 60 40 28 30 50 0 126 0 198 123 155 
4 21 31 0 0 47 62 0 147 130 0 0 104 
14 1 22 24 0 0 55 0 0 186 110 0 0 0 
2 30 42 0 0 0 50 0 0 66 118 0 0 
15 1 19 39 39 0 60 78 0 172 0 0 113 0 
16 1 10 0 126 87 123 105 0 396 0 360 276 180 
2 11 0 0 35 133 62 0 0 319 300 207 332 
3 15 94 30 0 0 0 0 0 148 210 0 192 
17 1 17 26 52 0 0 45 0 0 93 210 90 0 
2 18 83 65 0 26 0 0 126 83 0 146 116 
18 1 0 0 0 0 0 0 0 0 0 0 0 0 
*************************
RESOURCEAVAILABILITIES:
R 1 R 2 R 3 R 4 R 5 R 6 N 1 N 2 N 3 N 4 N 5 
100 110 50 98 105 1 1743 2675 3372 2367 3213 
