seed 7553146821
horizon 376
jobs 18
RESOURCES
renewable 3 r
non-renewable 3 n
double 0 d
*************************
pronr.
Apenas caso queira mais informacoes, adicionar aqui
*************************
PRECEDENCE
jobnr.    #modes  #successors   successors
1 1 3 2 13 14
2 1 1 18
3 1 3 17 11 16
4 1 3 12 15 8
5 3 3 11 6 7
6 2 3 10 11 7
7 3 3 10 3 16
8 2 3 9 5 7
9 4 3 17 3 16
10 3 3 17 9 3
11 4 2 17 16
12 2 3 5 15 8
13 2 3 17 3 7
14 3 3 10 4 6
15 3 3 5 6 7
16 4 1 18
17 2 1 18
18 1 0
*************************
REQUESTS/DURATIONS:
jobnr. mode duration 	R1	R2	R3	N1	N2	N3	
-------------------------
1 1 0 0 0 0 0 0 0 
2 1 15 22 0 0 256 214 274 
3 1 12 85 62 1 205 0 0 
4 1 21 0 37 0 90 0 100 
5 1 15 0 0 0 180 296 102 
2 23 0 16 0 182 122 157 
3 22 0 0 0 68 0 0 
6 1 17 0 0 0 0 0 0 
2 22 0 58 0 0 0 75 
7 1 15 74 0 0 224 106 244 
2 17 35 21 0 250 0 181 
3 14 96 77 0 0 0 145 
8 1 24 20 0 0 148 178 65 
2 30 21 28 0 55 117 119 
9 1 28 17 0 0 65 0 84 
2 23 0 46 0 150 100 195 
3 27 0 0 0 147 135 0 
4 13 0 113 0 244 186 0 
10 1 13 0 0 0 270 0 0 
2 23 48 0 0 101 182 122 
3 11 0 27 0 395 286 155 
11 1 30 0 28 0 0 0 63 
2 24 0 0 0 93 75 0 
3 16 80 69 0 211 120 0 
4 16 76 54 0 236 178 253 
12 1 20 57 0 0 111 141 180 
2 21 71 0 0 74 0 87 
13 1 20 0 0 0 0 171 0 
2 26 57 0 0 83 0 150 
14 1 19 0 0 0 0 0 138 
2 20 0 40 0 0 216 114 
3 14 0 92 0 160 0 0 
15 1 27 16 0 0 0 153 151 
2 16 0 56 0 215 213 195 
3 30 0 0 0 79 106 62 
16 1 28 27 15 1 78 159 158 
2 19 71 42 1 0 0 138 
3 13 0 23 1 293 235 323 
4 26 23 0 1 116 160 113 
17 1 25 21 0 1 138 0 151 
2 30 33 0 1 103 0 115 
18 1 0 0 0 0 0 0 0 
*************************
RESOURCEAVAILABILITIES:
R 1 R 2 R 3 N 1 N 2 N 3 
89 73 1 3277 2490 2451 
