seed 2883522326
horizon 336
jobs 18
RESOURCES
renewable 3 r
non-renewable 3 n
double 0 d
*************************
pronr.
Apenas caso queira mais informacoes, adicionar aqui
*************************
PRECEDENCE
jobnr.    #modes  #successors   successors
1 1 3 9 12 16
2 2 3 17 11 6
3 3 3 10 11 8
4 1 1 18
5 4 3 17 4 13
6 3 3 3 5 13
7 1 3 5 13 15
8 1 1 4
9 1 3 10 6 7
10 2 2 4 8
11 4 3 17 4 8
12 4 1 18
13 4 3 10 11 3
14 2 3 2 11 4
15 1 3 17 6 14
16 3 1 18
17 3 3 10 4 8
18 1 0
*************************
REQUESTS/DURATIONS:
jobnr. mode duration 	R1	R2	R3	N1	N2	N3	
-------------------------
1 1 0 0 0 0 0 0 0 
2 1 10 0 0 0 0 0 426 
2 21 0 45 0 0 0 0 
3 1 16 0 0 0 155 166 142 
2 14 0 72 0 156 130 310 
3 20 60 67 0 213 93 198 
4 1 14 0 0 1 0 0 115 
5 1 20 19 0 0 141 0 79 
2 13 0 0 0 136 184 143 
3 10 0 0 0 288 297 0 
4 25 0 0 0 0 60 0 
6 1 20 24 0 0 159 120 217 
2 23 0 0 0 106 0 127 
3 24 0 21 0 148 92 86 
7 1 23 0 14 0 136 86 83 
8 1 16 86 61 0 270 195 93 
9 1 16 88 0 0 110 255 95 
10 1 19 23 0 0 224 107 137 
2 24 0 0 0 108 0 71 
11 1 10 57 141 0 0 222 207 
2 29 41 13 0 129 0 52 
3 21 40 57 0 0 130 0 
4 19 50 71 0 0 116 145 
12 1 25 0 32 1 0 60 0 
2 26 0 51 1 168 110 130 
3 10 66 0 1 183 396 261 
4 14 81 51 1 237 169 162 
13 1 23 0 0 0 189 109 180 
2 11 0 106 0 0 310 395 
3 18 0 23 0 0 181 0 
4 12 50 0 0 232 0 197 
14 1 10 60 87 0 0 0 330 
2 10 72 0 0 429 0 402 
15 1 13 0 0 0 161 341 0 
16 1 24 53 42 0 0 0 110 
2 23 16 50 0 157 0 0 
3 28 36 0 0 141 113 118 
17 1 12 0 0 0 0 205 177 
2 11 0 106 0 158 286 245 
3 24 0 40 0 0 0 0 
18 1 0 0 0 0 0 0 0 
*************************
RESOURCEAVAILABILITIES:
R 1 R 2 R 3 N 1 N 2 N 3 
115 77 1 2244 2342 3664 
