seed 3582961586
horizon 398
jobs 18
RESOURCES
renewable 6 r
non-renewable 3 n
double 0 d
*************************
pronr.
Apenas caso queira mais informacoes, adicionar aqui
*************************
PRECEDENCE
jobnr.    #modes  #successors   successors
1 1 3 4 15 8
2 1 3 17 9 13
3 2 3 10 13 7
4 1 3 2 11 3
5 3 3 2 11 12
6 3 3 9 2 13
7 2 3 2 13 6
8 3 3 10 12 6
9 3 1 18
10 4 3 9 5 7
11 2 3 17 2 7
12 2 3 9 11 7
13 3 1 18
14 4 3 10 13 7
15 4 3 13 5 16
16 2 3 9 3 14
17 3 1 18
18 1 0
*************************
REQUESTS/DURATIONS:
jobnr. mode duration 	R1	R2	R3	R4	R5	R6	N1	N2	N3	
-------------------------
1 1 0 0 0 0 0 0 0 0 0 0 
2 1 26 53 0 28 55 0 0 0 99 140 
3 1 21 68 30 71 0 47 1 0 0 90 
2 19 0 0 0 0 58 1 0 153 0 
4 1 13 41 46 99 55 23 0 309 0 140 
5 1 14 0 0 85 36 0 0 242 122 207 
2 13 0 90 0 0 90 0 0 0 0 
3 30 18 0 47 34 15 0 0 96 0 
6 1 19 66 0 37 0 34 0 168 202 0 
2 27 23 0 37 41 25 0 101 0 114 
3 25 14 46 60 21 0 0 97 0 0 
7 1 21 0 68 71 51 0 0 0 167 91 
2 21 0 0 14 0 65 0 0 171 0 
8 1 11 0 30 0 130 49 0 264 174 294 
2 11 76 120 76 27 0 0 406 0 400 
3 14 0 87 38 0 34 0 280 0 0 
9 1 21 0 0 0 0 62 0 0 162 164 
2 13 0 69 0 0 66 0 0 0 256 
3 10 30 138 126 150 60 0 402 0 0 
10 1 22 0 0 0 30 53 0 171 0 0 
2 11 46 0 62 100 0 0 0 0 0 
3 16 30 0 0 0 82 0 281 249 277 
4 24 21 61 0 61 0 0 128 0 0 
11 1 28 0 23 43 0 51 0 0 0 85 
2 16 0 69 61 0 61 0 0 0 0 
12 1 24 18 0 22 60 0 0 71 175 68 
2 28 0 18 45 42 0 0 0 99 0 
13 1 13 115 0 78 101 0 0 300 0 124 
2 29 33 11 18 48 30 0 0 71 86 
3 15 38 70 0 0 58 0 0 132 206 
14 1 19 0 22 30 17 17 1 176 236 0 
2 23 35 0 28 0 0 1 0 0 104 
3 18 60 51 41 31 53 1 130 155 226 
4 29 0 11 23 11 0 1 108 0 55 
15 1 17 42 0 47 88 38 0 0 0 0 
2 28 0 50 0 18 22 0 146 138 153 
3 17 0 86 30 35 0 0 0 180 0 
4 13 103 23 0 30 69 0 341 145 330 
16 1 30 44 43 38 26 0 0 0 0 0 
2 29 0 30 38 31 37 0 0 0 0 
17 1 29 0 26 0 0 24 0 76 142 0 
2 23 19 0 18 53 15 0 0 66 0 
3 17 84 56 86 67 0 0 208 90 197 
18 1 0 0 0 0 0 0 0 0 0 0 
*************************
RESOURCEAVAILABILITIES:
R 1 R 2 R 3 R 4 R 5 R 6 N 1 N 2 N 3 
89 90 138 108 78 1 2973 1893 3006 
