seed 4207838948
horizon 359
jobs 18
RESOURCES
renewable 5 r
non-renewable 5 n
double 0 d
*************************
pronr.
Apenas caso queira mais informacoes, adicionar aqui
*************************
PRECEDENCE
jobnr.    #modes  #successors   successors
1 1 3 4 14 16
2 2 3 11 7 8
3 2 1 18
4 4 3 3 5 8
5 4 3 9 10 3
6 2 3 2 10 8
7 1 3 3 13 5
8 4 3 9 12 7
9 4 1 18
10 1 1 18
11 2 3 9 12 13
12 3 3 10 5 7
13 2 3 10 3 5
14 2 3 9 15 8
15 1 3 17 10 13
16 1 3 9 6 15
17 4 3 10 11 6
18 1 0
*************************
REQUESTS/DURATIONS:
jobnr. mode duration 	R1	R2	R3	R4	R5	N1	N2	N3	N4	N5	
-------------------------
1 1 0 0 0 0 0 0 0 0 0 0 0 
2 1 28 38 18 0 0 0 55 124 0 118 127 
2 14 85 0 25 0 0 285 222 0 263 0 
3 1 16 82 0 73 76 0 114 0 131 219 0 
2 14 0 0 32 0 0 0 113 0 218 0 
4 1 23 0 43 33 36 0 103 116 100 0 121 
2 22 0 45 0 27 0 68 0 151 95 167 
3 11 51 122 0 0 0 0 136 0 0 0 
4 26 43 20 0 46 0 0 69 165 143 160 
5 1 20 0 0 0 57 0 0 217 0 220 0 
2 17 31 0 51 88 0 0 158 169 134 105 
3 28 0 0 26 45 0 0 0 0 156 84 
4 17 0 58 58 22 0 208 187 134 0 0 
6 1 22 32 53 0 0 0 190 184 0 0 155 
2 23 0 37 43 0 0 104 134 159 110 140 
7 1 29 0 0 0 40 0 0 121 0 0 56 
8 1 14 0 0 64 36 0 0 0 169 167 171 
2 12 40 85 125 117 0 192 297 0 290 0 
3 24 46 62 0 0 0 0 177 63 0 111 
4 13 99 39 0 108 0 150 0 0 145 300 
9 1 26 0 39 32 45 0 0 79 0 80 61 
2 29 0 37 13 24 0 0 107 0 0 54 
3 26 0 38 24 24 0 0 0 0 152 0 
4 25 44 0 0 0 0 108 176 0 0 0 
10 1 10 0 0 129 126 0 276 0 0 339 216 
11 1 10 54 78 48 96 0 0 405 159 0 360 
2 19 78 0 0 17 0 172 219 108 0 0 
12 1 13 103 0 0 34 1 290 0 330 189 281 
2 28 17 0 0 32 1 0 135 81 0 0 
3 24 12 0 0 35 1 103 186 136 112 166 
13 1 13 0 34 101 36 0 219 0 302 0 0 
2 10 0 60 0 87 0 210 438 252 150 156 
14 1 21 64 44 0 25 0 171 0 198 92 127 
2 20 22 22 52 58 0 220 0 0 0 154 
15 1 14 94 0 21 51 1 0 143 0 312 0 
16 1 27 25 53 0 53 0 145 58 0 108 154 
17 1 21 50 0 28 45 0 111 128 0 211 155 
2 19 0 77 50 0 0 0 105 104 181 222 
3 24 18 12 0 43 0 0 0 177 91 153 
4 21 18 70 18 24 0 80 0 168 75 167 
18 1 0 0 0 0 0 0 0 0 0 0 0 
*************************
RESOURCEAVAILABILITIES:
R 1 R 2 R 3 R 4 R 5 N 1 N 2 N 3 N 4 N 5 
111 87 150 151 1 2322 2639 1638 2681 2106 
