seed 4927479916
horizon 402
jobs 18
RESOURCES
renewable 4 r
non-renewable 2 n
double 0 d
*************************
pronr.
Apenas caso queira mais informacoes, adicionar aqui
*************************
PRECEDENCE
jobnr.    #modes  #successors   successors
1 1 3 9 2 11
2 4 1 18
3 2 2 4 13
4 1 1 18
5 4 3 17 12 14
6 4 3 3 4 13
7 4 3 10 3 6
8 3 3 10 14 15
9 1 3 5 7 15
10 2 3 6 14 16
11 1 3 4 13 16
12 4 3 8 6 16
13 2 1 18
14 1 3 13 15 16
15 2 3 3 4 13
16 1 3 13 6 15
17 2 3 12 7 8
18 1 0
*************************
REQUESTS/DURATIONS:
jobnr. mode duration 	R1	R2	R3	R4	N1	N2	
-------------------------
1 1 0 0 0 0 0 0 0 
2 1 28 10 0 0 1 0 80 
2 18 0 45 0 1 245 231 
3 13 0 0 25 1 0 191 
4 23 0 0 65 1 0 0 
3 1 27 41 46 14 0 125 141 
2 21 0 0 0 0 194 0 
4 1 22 60 54 28 0 0 0 
5 1 15 48 78 32 0 220 216 
2 10 0 0 105 0 330 150 
3 22 55 0 16 0 0 136 
4 17 84 82 51 0 0 0 
6 1 17 44 28 0 0 211 206 
2 16 69 0 67 0 0 0 
3 22 19 0 0 0 110 126 
4 26 43 0 0 0 125 118 
7 1 18 55 78 38 0 155 0 
2 17 0 40 0 0 112 0 
3 12 35 0 117 0 370 357 
4 28 0 0 25 0 87 0 
8 1 21 41 38 32 0 132 90 
2 30 0 29 0 0 149 70 
3 27 13 18 0 0 0 76 
9 1 26 38 0 27 0 169 99 
10 1 17 0 74 88 0 211 121 
2 22 19 39 47 0 88 0 
11 1 16 0 28 43 0 226 174 
12 1 28 0 39 51 0 0 63 
2 25 15 28 21 0 0 156 
3 26 40 0 38 0 0 0 
4 22 62 0 36 0 190 166 
13 1 29 21 0 0 0 0 64 
2 30 32 26 0 0 0 0 
14 1 29 37 44 41 0 55 154 
15 1 22 0 66 34 1 139 177 
2 22 49 0 61 1 0 69 
16 1 27 34 55 0 1 94 104 
17 1 19 33 61 63 0 0 162 
2 18 83 0 46 0 110 133 
18 1 0 0 0 0 0 0 0 
*************************
RESOURCEAVAILABILITIES:
R 1 R 2 R 3 R 4 N 1 N 2 
72 68 72 1 2491 2447 
