seed 9500849845
horizon 375
jobs 18
RESOURCES
renewable 6 r
non-renewable 3 n
double 0 d
*************************
pronr.
Apenas caso queira mais informacoes, adicionar aqui
*************************
PRECEDENCE
jobnr.    #modes  #successors   successors
1 1 3 17 12 16
2 3 3 10 11 4
3 3 1 18
4 4 3 9 13 8
5 2 3 10 3 8
6 1 3 9 3 7
7 4 1 18
8 3 3 3 13 7
9 4 1 18
10 2 3 3 4 7
11 1 3 4 5 8
12 3 3 9 11 15
13 3 3 9 6 7
14 4 3 9 2 7
15 1 3 5 14 7
16 4 3 11 5 13
17 4 3 11 6 7
18 1 0
*************************
REQUESTS/DURATIONS:
jobnr. mode duration 	R1	R2	R3	R4	R5	R6	N1	N2	N3	
-------------------------
1 1 0 0 0 0 0 0 0 0 0 0 
2 1 29 0 48 0 0 0 0 0 79 0 
2 11 27 76 90 117 0 0 0 321 0 
3 16 31 0 54 43 54 0 110 0 0 
3 1 15 42 52 0 0 72 0 0 198 0 
2 24 0 23 57 38 0 0 178 152 0 
3 15 98 44 38 0 98 0 134 194 0 
4 1 26 0 34 0 15 0 0 88 146 0 
2 14 38 0 87 0 0 0 265 0 0 
3 19 48 61 0 34 60 0 0 157 167 
4 15 0 92 0 68 32 0 108 0 182 
5 1 22 34 0 0 35 36 0 0 163 155 
2 13 106 23 50 60 60 0 0 332 186 
6 1 17 0 0 21 0 22 0 0 0 0 
7 1 26 42 0 11 0 24 0 99 171 0 
2 16 0 0 67 91 90 0 0 281 0 
3 15 0 74 96 84 66 0 104 122 286 
4 17 68 0 82 0 61 0 174 0 185 
8 1 12 0 0 72 107 117 0 230 0 197 
2 15 92 0 56 36 94 0 300 0 174 
3 16 80 33 0 0 0 0 270 101 0 
9 1 27 51 0 0 20 0 0 94 0 156 
2 22 60 61 0 68 23 0 0 0 0 
3 25 0 19 48 0 0 0 98 164 123 
4 30 0 49 16 10 37 0 0 100 0 
10 1 29 44 26 31 37 20 0 132 0 0 
2 28 0 19 0 19 38 0 0 96 0 
11 1 24 51 27 0 0 0 0 147 0 0 
12 1 12 0 125 37 107 0 0 322 0 252 
2 15 62 72 52 32 0 0 284 104 234 
3 16 0 0 76 0 39 0 166 103 0 
13 1 24 0 42 62 45 0 0 182 76 0 
2 23 15 37 0 36 65 0 114 177 91 
3 24 25 0 57 26 0 0 0 132 140 
14 1 16 0 0 67 88 0 0 0 200 0 
2 16 45 24 84 75 39 0 159 142 159 
3 20 0 27 0 36 21 0 160 0 181 
4 11 32 109 0 35 0 0 0 0 360 
15 1 14 38 90 51 0 0 0 317 312 188 
16 1 11 40 0 95 0 79 1 0 0 0 
2 12 40 0 0 112 85 1 220 305 137 
3 14 0 0 0 30 0 1 302 0 261 
4 28 20 0 12 32 17 1 105 0 0 
17 1 30 35 46 10 22 11 0 95 109 0 
2 12 117 70 0 0 0 0 212 0 0 
3 10 0 0 141 0 0 0 0 0 174 
4 12 90 0 30 52 0 0 212 292 0 
18 1 0 0 0 0 0 0 0 0 0 0 
*************************
RESOURCEAVAILABILITIES:
R 1 R 2 R 3 R 4 R 5 R 6 N 1 N 2 N 3 
86 111 104 83 74 1 2498 3109 2177 
