seed 1308734775
horizon 382
jobs 18
RESOURCES
renewable 6 r
non-renewable 5 n
double 0 d
*************************
pronr.
Apenas caso queira mais informacoes, adicionar aqui
*************************
PRECEDENCE
jobnr.    #modes  #successors   successors
1 1 3 6 13 14
2 1 3 9 10 3
3 4 3 4 12 16
4 1 1 18
5 4 3 9 4 8
6 2 3 17 15 16
7 1 3 10 5 8
8 3 1 18
9 1 1 18
10 3 3 9 4 5
11 1 3 10 12 15
12 3 3 9 4 7
13 3 3 10 3 8
14 4 3 17 3 15
15 3 3 12 5 8
16 1 3 11 7 8
17 2 3 2 5 16
18 1 0
*************************
REQUESTS/DURATIONS:
jobnr. mode duration 	R1	R2	R3	R4	R5	R6	N1	N2	N3	N4	N5	
-------------------------
1 1 0 0 0 0 0 0 0 0 0 0 0 0 
2 1 29 27 0 33 43 33 0 84 102 81 75 0 
3 1 19 0 58 63 0 28 0 162 0 0 0 156 
2 10 0 108 0 33 93 0 0 369 429 0 408 
3 15 0 0 78 30 86 0 292 0 0 0 0 
4 26 0 16 11 0 0 0 98 136 165 60 121 
4 1 11 136 68 109 109 122 0 0 360 0 0 283 
5 1 12 0 85 52 67 0 0 320 315 362 155 0 
2 24 0 61 62 45 0 0 65 113 0 163 118 
3 20 60 49 0 25 0 0 118 127 144 129 193 
4 28 52 0 0 0 0 0 0 0 92 0 130 
6 1 14 0 0 0 0 105 0 0 132 169 300 0 
2 15 0 58 68 0 86 0 166 0 0 184 0 
7 1 30 29 49 17 0 35 0 98 112 0 0 67 
8 1 29 27 0 0 0 35 0 0 0 138 112 126 
2 28 52 13 15 0 43 0 113 155 0 0 0 
3 11 65 125 0 0 0 0 403 152 0 147 340 
9 1 24 31 12 42 0 38 0 162 123 0 115 0 
10 1 16 31 43 58 0 63 1 0 258 0 0 0 
2 23 48 0 45 40 0 1 0 0 0 119 113 
3 21 0 44 57 70 41 1 192 157 117 0 0 
11 1 13 46 0 32 0 0 0 334 260 0 0 0 
12 1 22 62 66 42 57 38 0 193 0 105 130 0 
2 13 34 0 0 0 0 0 263 336 297 170 0 
3 16 24 35 0 35 84 0 241 281 116 195 262 
13 1 13 0 73 0 41 27 0 136 0 0 0 0 
2 23 50 52 0 0 62 0 164 148 174 122 0 
3 16 73 26 71 22 65 0 125 105 133 0 0 
14 1 23 18 0 20 63 0 0 182 78 133 138 0 
2 10 99 39 117 0 0 0 0 432 249 330 405 
3 25 21 0 0 13 50 0 124 165 93 0 102 
4 10 0 0 0 33 54 0 0 264 159 189 276 
15 1 29 38 0 14 16 40 0 140 72 154 109 114 
2 18 68 0 55 28 0 0 203 118 101 120 0 
3 17 0 44 52 72 63 0 231 238 0 194 0 
16 1 30 29 41 29 0 35 0 90 150 93 62 0 
17 1 25 37 0 0 31 33 0 0 0 0 0 108 
2 13 0 71 64 0 71 0 251 0 196 330 272 
18 1 0 0 0 0 0 0 0 0 0 0 0 0 
*************************
RESOURCEAVAILABILITIES:
R 1 R 2 R 3 R 4 R 5 R 6 N 1 N 2 N 3 N 4 N 5 
156 96 139 109 143 1 2741 2819 3101 1953 2888 
