seed 9035997765
horizon 419
jobs 20
RESOURCES
renewable 4 r
non-renewable 5 n
double 0 d
*************************
pronr.
Apenas caso queira mais informacoes, adicionar aqui
*************************
PRECEDENCE
jobnr.    #modes  #successors   successors
1 1 3 17 4 6
2 4 3 9 3 13
3 1 3 9 7 8
4 2 3 18 3 19
5 3 3 9 2 8
6 2 3 10 14 16
7 1 1 20
8 2 1 20
9 1 1 20
10 2 3 11 13 8
11 2 3 9 2 13
12 1 3 10 5 2
13 4 3 9 3 7
14 4 3 19 3 15
15 1 3 12 5 16
16 2 3 10 12 13
17 3 3 2 5 7
18 2 3 12 14 7
19 2 3 2 11 7
20 1 0
*************************
REQUESTS/DURATIONS:
jobnr. mode duration 	R1	R2	R3	R4	N1	N2	N3	N4	N5	
-------------------------
1 1 0 0 0 0 0 0 0 0 0 0 
2 1 11 0 79 0 0 0 308 0 0 204 
2 27 40 0 12 0 0 88 0 0 155 
3 23 0 0 56 0 82 163 164 138 0 
4 16 0 90 0 0 0 204 208 268 99 
3 1 27 0 0 0 0 0 104 0 91 108 
4 1 13 0 43 0 0 332 0 0 136 0 
2 12 0 95 47 0 0 270 0 147 250 
5 1 23 37 33 0 0 114 0 160 170 195 
2 20 0 67 51 0 0 0 0 204 114 
3 22 0 0 40 0 0 69 0 91 110 
6 1 19 0 42 0 0 137 0 145 88 222 
2 19 69 0 0 0 0 189 0 140 0 
7 1 13 0 108 69 0 198 0 0 0 276 
8 1 12 57 0 70 1 225 285 197 222 177 
2 26 39 0 27 1 108 131 110 0 159 
9 1 20 0 30 0 0 97 0 0 0 178 
10 1 19 0 0 0 0 0 0 0 203 0 
2 10 0 0 0 0 0 357 192 261 165 
11 1 13 0 0 0 1 0 0 0 0 122 
2 26 0 25 0 1 0 147 0 159 144 
12 1 24 52 30 26 0 160 0 73 145 0 
13 1 28 0 34 0 0 0 0 102 71 152 
2 27 46 0 0 0 0 0 0 156 0 
3 11 122 122 0 0 171 0 338 0 0 
4 29 0 15 23 0 61 74 94 0 105 
14 1 28 0 37 39 0 150 142 114 65 128 
2 14 23 0 0 0 0 0 107 293 0 
3 14 42 0 0 0 150 225 278 287 0 
4 10 141 96 69 0 0 0 0 0 0 
15 1 23 0 0 31 0 146 156 0 73 126 
16 1 26 32 0 0 0 0 0 0 80 0 
2 25 0 34 0 0 0 135 141 96 79 
17 1 13 103 30 0 0 0 330 0 159 0 
2 21 57 0 28 0 0 0 84 82 102 
3 17 70 51 0 0 114 208 0 0 224 
18 1 25 19 45 12 0 178 82 103 0 128 
2 21 54 28 41 0 0 0 0 130 0 
19 1 23 0 41 0 1 0 0 113 185 163 
2 30 0 12 20 1 88 0 0 121 0 
20 1 0 0 0 0 0 0 0 0 0 0 
*************************
RESOURCEAVAILABILITIES:
R 1 R 2 R 3 R 4 N 1 N 2 N 3 N 4 N 5 
80 124 83 1 2307 3146 1947 2023 2323 
