seed 3113698681
horizon 420
jobs 20
RESOURCES
renewable 6 r
non-renewable 3 n
double 0 d
*************************
pronr.
Apenas caso queira mais informacoes, adicionar aqui
*************************
PRECEDENCE
jobnr.    #modes  #successors   successors
1 1 3 5 7 15
2 4 3 11 14 16
3 4 3 11 12 16
4 2 3 3 11 16
5 2 1 20
6 4 3 18 4 16
7 3 3 19 4 6
8 1 3 2 12 13
9 3 3 2 3 4
10 1 3 9 14 8
11 2 2 12 16
12 3 1 20
13 3 3 3 11 14
14 4 3 4 11 3
15 4 3 9 19 13
16 3 1 20
17 4 3 4 14 8
18 4 3 17 9 14
19 3 3 10 6 16
20 1 0
*************************
REQUESTS/DURATIONS:
jobnr. mode duration 	R1	R2	R3	R4	R5	R6	N1	N2	N3	
-------------------------
1 1 0 0 0 0 0 0 0 0 0 0 
2 1 24 0 22 0 0 0 0 178 165 0 
2 10 90 144 63 0 0 0 249 435 255 
3 14 25 0 0 0 38 0 0 0 265 
4 15 44 92 0 0 0 0 192 264 258 
3 1 30 45 28 26 13 35 0 0 0 119 
2 30 0 0 0 0 0 0 0 0 50 
3 16 0 90 0 71 60 0 0 0 255 
4 29 33 0 0 0 39 0 0 0 75 
4 1 13 0 87 78 99 34 0 0 325 193 
2 15 0 50 66 0 0 0 0 0 104 
5 1 10 96 63 117 0 63 0 222 423 258 
2 20 0 39 0 42 0 0 0 0 0 
6 1 29 17 28 47 0 0 0 128 111 105 
2 30 0 0 0 0 48 0 65 102 0 
3 22 55 61 0 57 21 0 124 91 0 
4 12 105 0 40 0 45 0 175 267 142 
7 1 18 25 0 78 51 43 0 250 0 0 
2 13 92 0 73 43 0 0 182 230 140 
3 19 63 0 0 50 74 0 129 108 168 
8 1 15 56 46 0 64 86 0 190 0 0 
9 1 14 30 0 27 0 0 0 175 132 0 
2 11 0 73 0 128 35 0 0 141 237 
3 11 84 90 0 130 0 0 188 182 0 
10 1 21 0 20 51 0 67 0 0 100 85 
11 1 19 41 28 64 60 67 0 0 180 222 
2 25 0 34 40 0 0 0 144 160 176 
12 1 10 135 36 129 63 87 0 0 150 177 
2 29 0 16 28 0 0 0 0 0 144 
3 14 0 51 0 25 0 0 0 274 297 
13 1 25 0 0 0 30 37 0 0 0 0 
2 25 0 55 0 0 46 0 0 177 176 
3 26 0 0 46 0 56 0 143 58 0 
14 1 19 17 0 17 31 52 0 0 161 97 
2 17 88 63 42 37 0 0 0 210 127 
3 19 41 28 28 0 0 0 165 0 0 
4 13 71 71 0 0 87 0 0 154 311 
15 1 27 0 0 42 18 0 0 0 56 83 
2 18 65 0 25 0 16 0 168 0 160 
3 16 63 56 69 91 0 0 241 0 0 
4 25 0 18 31 25 13 0 0 128 67 
16 1 16 0 69 45 43 60 0 225 112 204 
2 24 52 0 0 50 0 0 116 0 105 
3 23 40 27 19 0 57 0 0 0 138 
17 1 11 114 114 0 49 100 0 0 343 291 
2 26 0 0 19 0 46 0 80 84 100 
3 14 68 27 0 0 32 0 165 152 0 
4 11 57 27 120 0 51 0 220 0 300 
18 1 17 0 72 0 0 84 0 0 174 0 
2 27 15 0 38 0 33 0 0 104 0 
3 30 16 0 0 31 11 0 146 104 0 
4 27 38 0 34 30 17 0 100 166 88 
19 1 25 0 0 42 0 0 1 67 0 97 
2 26 0 18 0 13 42 1 84 155 111 
3 23 45 40 59 14 32 1 0 189 104 
20 1 0 0 0 0 0 0 0 0 0 0 
*************************
RESOURCEAVAILABILITIES:
R 1 R 2 R 3 R 4 R 5 R 6 N 1 N 2 N 3 
96 81 106 88 100 1 2968 4908 3027 
