seed 2188774679
horizon 446
jobs 20
RESOURCES
renewable 5 r
non-renewable 5 n
double 0 d
*************************
pronr.
Apenas caso queira mais informacoes, adicionar aqui
*************************
PRECEDENCE
jobnr.    #modes  #successors   successors
1 1 3 4 6 8
2 1 3 12 11 3
3 3 3 17 10 13
4 4 3 9 11 5
5 1 3 10 3 18
6 1 3 19 5 16
7 1 3 17 3 12
8 4 3 2 3 15
9 4 1 20
10 3 1 20
11 1 3 10 13 7
12 1 3 9 3 19
13 3 3 17 9 10
14 2 3 9 2 17
15 4 3 2 7 18
16 3 3 9 11 14
17 2 1 20
18 1 3 10 19 12
19 2 3 17 10 13
20 1 0
*************************
REQUESTS/DURATIONS:
jobnr. mode duration 	R1	R2	R3	R4	R5	N1	N2	N3	N4	N5	
-------------------------
1 1 0 0 0 0 0 0 0 0 0 0 0 
2 1 26 0 32 30 0 0 96 0 144 107 122 
3 1 25 24 12 21 0 0 0 116 0 142 0 
2 19 60 0 0 41 0 0 0 0 211 124 
3 23 27 28 61 0 0 0 129 0 0 0 
4 1 16 0 0 91 31 0 0 0 0 172 271 
2 23 0 29 14 0 0 125 93 0 0 168 
3 22 0 0 0 0 0 0 190 0 154 195 
4 22 34 23 0 15 0 143 128 114 173 0 
5 1 29 20 28 0 30 0 0 0 121 0 105 
6 1 25 14 39 0 39 1 0 0 91 0 132 
7 1 30 0 0 40 0 1 0 145 0 106 121 
8 1 22 40 0 34 50 0 107 0 0 0 167 
2 12 92 67 105 0 0 0 287 0 0 0 
3 30 0 36 0 14 0 0 0 97 0 0 
4 13 80 73 62 0 0 145 237 0 129 0 
9 1 17 30 0 58 84 0 0 98 172 0 231 
2 15 86 70 0 0 0 172 0 280 0 0 
3 28 0 45 23 16 0 0 0 0 0 103 
4 15 36 0 30 24 0 296 222 0 194 168 
10 1 20 0 30 61 0 1 178 201 0 0 0 
2 19 37 0 39 0 1 132 178 0 99 90 
3 13 36 0 48 0 1 0 244 0 131 214 
11 1 24 51 0 26 20 0 0 113 161 181 180 
12 1 28 0 41 0 0 0 66 116 108 136 98 
13 1 11 46 35 133 98 0 0 362 182 335 220 
2 30 21 27 45 0 0 50 89 0 132 119 
3 17 52 60 31 0 0 0 0 248 248 192 
14 1 18 43 0 50 38 0 118 180 0 228 135 
2 25 0 34 37 0 0 0 128 0 122 171 
15 1 13 99 99 0 34 0 180 143 0 0 0 
2 18 78 53 28 0 0 0 215 188 0 0 
3 14 23 0 40 107 0 0 321 199 297 109 
4 16 82 0 39 0 0 129 258 120 0 157 
16 1 10 39 108 33 0 0 0 0 408 0 303 
2 17 0 65 0 19 0 0 153 225 188 215 
3 10 0 0 0 0 0 237 240 0 372 168 
17 1 25 0 15 51 0 0 99 76 0 0 0 
2 25 50 19 0 0 0 0 0 176 76 148 
18 1 16 0 45 41 0 0 0 110 93 0 108 
19 1 27 0 0 36 55 0 143 121 98 130 0 
2 26 34 0 49 0 0 0 0 70 0 0 
20 1 0 0 0 0 0 0 0 0 0 0 0 
*************************
RESOURCEAVAILABILITIES:
R 1 R 2 R 3 R 4 R 5 N 1 N 2 N 3 N 4 N 5 
76 83 72 63 1 1912 2272 2187 2419 2253 
