seed 1792346692
horizon 453
jobs 20
RESOURCES
renewable 5 r
non-renewable 2 n
double 0 d
*************************
pronr.
Apenas caso queira mais informacoes, adicionar aqui
*************************
PRECEDENCE
jobnr.    #modes  #successors   successors
1 1 3 10 19 13
2 1 3 9 17 16
3 4 3 5 14 8
4 4 3 3 6 8
5 3 1 20
6 3 3 12 5 8
7 2 2 5 8
8 4 1 20
9 3 3 3 4 15
10 4 3 2 4 6
11 2 3 4 12 7
12 3 3 3 14 8
13 4 3 9 3 12
14 1 3 5 7 8
15 3 3 17 3 5
16 2 3 9 14 8
17 2 3 18 5 7
18 4 3 11 7 8
19 3 1 20
20 1 0
*************************
REQUESTS/DURATIONS:
jobnr. mode duration 	R1	R2	R3	R4	R5	N1	N2	
-------------------------
1 1 0 0 0 0 0 0 0 0 
2 1 25 40 0 0 48 1 115 0 
3 1 14 32 0 68 25 0 274 0 
2 17 0 31 0 0 0 0 134 
3 25 60 0 0 54 0 120 180 
4 16 88 37 30 0 0 0 0 
4 1 30 0 47 0 0 0 131 77 
2 13 110 103 80 0 0 237 0 
3 15 0 96 0 28 0 230 0 
4 22 0 0 28 49 0 0 81 
5 1 10 0 0 117 0 0 411 315 
2 19 25 0 60 45 0 120 83 
3 26 50 48 42 51 0 0 117 
6 1 22 16 17 39 0 0 0 68 
2 30 12 0 30 23 0 0 65 
3 27 32 37 23 53 0 150 108 
7 1 12 0 0 122 0 0 217 0 
2 16 0 0 0 58 0 0 0 
8 1 27 0 24 0 55 0 102 146 
2 12 42 0 0 0 0 125 305 
3 17 54 51 0 0 0 172 0 
4 15 0 0 72 0 0 0 180 
9 1 14 60 0 66 0 0 0 255 
2 23 0 48 0 0 0 0 103 
3 16 73 58 0 43 0 221 223 
10 1 26 49 38 56 13 0 107 165 
2 22 46 0 21 17 0 0 0 
3 18 20 60 0 68 0 161 0 
4 14 49 23 38 0 0 0 0 
11 1 28 37 0 13 0 0 110 0 
2 23 39 31 22 43 0 0 0 
12 1 29 28 0 0 0 0 150 150 
2 22 45 34 64 68 0 0 192 
3 18 0 78 0 65 0 183 0 
13 1 11 0 60 0 81 0 0 283 
2 23 32 13 53 37 0 133 100 
3 27 31 14 40 38 0 81 0 
4 12 65 0 0 0 0 365 285 
14 1 14 90 27 25 0 0 227 0 
15 1 23 41 0 15 48 0 76 66 
2 23 37 37 37 44 0 0 80 
3 15 22 0 54 92 0 0 222 
16 1 28 30 13 10 53 1 63 91 
2 29 51 15 0 47 1 0 0 
17 1 18 71 71 0 36 0 103 228 
2 20 27 19 0 27 0 171 126 
18 1 13 0 85 92 108 0 219 260 
2 21 0 0 31 0 0 0 141 
3 26 26 53 0 54 0 107 0 
4 10 0 0 0 0 0 0 390 
19 1 29 0 0 0 0 0 132 108 
2 13 71 87 71 0 0 0 0 
3 10 120 0 93 69 0 174 0 
20 1 0 0 0 0 0 0 0 0 
*************************
RESOURCEAVAILABILITIES:
R 1 R 2 R 3 R 4 R 5 N 1 N 2 
119 63 74 82 1 4180 3012 
