seed 7918872001
horizon 404
jobs 20
RESOURCES
renewable 3 r
non-renewable 2 n
double 0 d
*************************
pronr.
Apenas caso queira mais informacoes, adicionar aqui
*************************
PRECEDENCE
jobnr.    #modes  #successors   successors
1 1 3 9 2 3
2 3 3 17 19 11
3 4 3 19 4 6
4 4 3 17 5 16
5 4 3 8 14 16
6 1 3 10 13 14
7 3 3 13 6 8
8 4 1 20
9 4 3 18 12 5
10 1 3 17 18 11
11 1 3 17 18 5
12 3 3 10 13 15
13 1 3 17 4 5
14 4 3 17 8 16
15 2 3 4 7 8
16 4 1 20
17 4 1 20
18 3 3 17 5 13
19 4 3 11 12 15
20 1 0
*************************
REQUESTS/DURATIONS:
jobnr. mode duration 	R1	R2	R3	N1	N2	
-------------------------
1 1 0 0 0 0 0 0 
2 1 15 38 0 0 0 118 
2 23 13 18 0 148 0 
3 17 75 0 0 141 0 
3 1 14 27 107 0 124 0 
2 11 0 0 0 242 0 
3 15 28 0 0 242 0 
4 21 0 0 0 138 157 
4 1 10 39 147 0 375 0 
2 30 18 0 0 108 0 
3 22 27 30 0 0 148 
4 17 77 37 0 224 248 
5 1 11 133 0 0 379 147 
2 11 0 136 0 0 0 
3 12 117 0 0 325 0 
4 13 76 0 0 0 256 
6 1 18 0 76 0 178 83 
7 1 18 61 50 0 128 235 
2 13 60 46 0 219 0 
3 21 15 71 0 142 0 
8 1 26 28 41 0 141 0 
2 13 96 0 0 309 309 
3 14 0 64 0 192 235 
4 15 60 78 0 208 0 
9 1 12 0 42 0 292 0 
2 11 133 133 0 231 0 
3 19 0 15 0 219 159 
4 27 52 27 0 57 148 
10 1 26 0 0 0 171 151 
11 1 14 0 0 1 0 180 
12 1 23 45 0 1 108 0 
2 18 0 0 1 230 0 
3 17 24 0 1 160 210 
13 1 13 36 66 0 133 191 
14 1 15 64 82 0 254 108 
2 13 106 23 0 244 152 
3 18 25 18 0 90 0 
4 14 51 64 0 257 216 
15 1 19 20 23 0 0 230 
2 20 30 43 0 207 0 
16 1 11 133 0 0 171 362 
2 26 46 53 0 96 0 
3 22 25 0 0 124 200 
4 14 0 0 0 229 0 
17 1 26 0 38 0 96 0 
2 15 92 100 0 0 278 
3 18 20 36 0 240 0 
4 16 60 0 0 0 144 
18 1 12 120 0 0 0 277 
2 27 18 0 0 148 0 
3 29 0 25 0 0 84 
19 1 19 0 17 0 151 0 
2 18 61 65 0 0 0 
3 30 0 25 0 0 0 
4 20 48 48 0 109 0 
20 1 0 0 0 0 0 0 
*************************
RESOURCEAVAILABILITIES:
R 1 R 2 R 3 N 1 N 2 
93 113 1 3794 3128 
