seed 9526607309
horizon 450
jobs 20
RESOURCES
renewable 3 r
non-renewable 3 n
double 0 d
*************************
pronr.
Apenas caso queira mais informacoes, adicionar aqui
*************************
PRECEDENCE
jobnr.    #modes  #successors   successors
1 1 3 18 5 16
2 3 1 20
3 4 3 17 2 12
4 1 3 9 13 8
5 1 3 3 14 8
6 2 3 10 12 8
7 4 3 2 19 12
8 3 3 2 12 10
9 3 3 10 6 7
10 3 3 2 3 12
11 3 3 2 4 7
12 4 1 20
13 1 3 9 17 19
14 3 3 2 11 7
15 2 3 9 10 19
16 4 3 10 7 15
17 2 1 20
18 4 3 19 13 8
19 2 3 2 3 12
20 1 0
*************************
REQUESTS/DURATIONS:
jobnr. mode duration 	R1	R2	R3	N1	N2	N3	
-------------------------
1 1 0 0 0 0 0 0 0 
2 1 18 50 40 0 146 0 186 
2 12 55 125 0 127 0 227 
3 13 43 0 0 168 0 0 
3 1 17 75 0 0 0 250 218 
2 20 0 0 0 193 117 76 
3 19 28 30 0 150 0 173 
4 28 33 10 0 58 102 0 
4 1 27 35 0 0 137 0 82 
5 1 26 0 0 0 0 0 87 
6 1 18 61 0 0 103 0 191 
2 12 125 0 0 292 202 255 
7 1 29 18 10 0 0 0 0 
2 17 0 65 0 0 95 218 
3 26 26 42 0 90 110 62 
4 10 117 108 0 192 168 336 
8 1 22 17 0 0 185 141 162 
2 11 81 0 0 0 0 0 
3 24 0 0 0 168 0 177 
9 1 17 31 0 0 176 255 171 
2 15 78 20 0 226 124 196 
3 26 0 16 0 152 168 0 
10 1 19 77 48 0 131 0 0 
2 22 20 0 0 106 143 182 
3 13 46 108 0 156 323 0 
11 1 13 36 0 0 189 336 274 
2 16 71 0 0 204 0 110 
3 14 0 64 0 141 214 0 
12 1 13 92 115 0 270 170 152 
2 29 44 49 0 0 105 146 
3 13 0 0 0 325 205 136 
4 12 32 25 0 0 332 0 
13 1 25 33 0 0 114 122 0 
14 1 25 18 33 0 0 0 175 
2 10 0 0 0 243 228 357 
3 18 0 0 0 210 0 248 
15 1 30 0 0 0 0 149 138 
2 22 35 0 0 135 0 169 
16 1 28 0 0 0 68 86 0 
2 10 57 147 0 0 0 306 
3 25 0 36 0 121 0 164 
4 12 85 120 0 0 375 260 
17 1 29 0 45 0 104 122 107 
2 23 0 0 0 0 0 0 
18 1 17 35 0 0 0 100 0 
2 22 0 28 0 122 91 133 
3 10 0 0 0 0 0 195 
4 15 34 0 0 108 106 254 
19 1 28 23 38 0 53 0 0 
2 16 31 43 0 0 116 0 
20 1 0 0 0 0 0 0 0 
*************************
RESOURCEAVAILABILITIES:
R 1 R 2 R 3 N 1 N 2 N 3 
98 88 1 3087 2820 3367 
