seed 22730025
horizon 457
jobs 20
RESOURCES
renewable 5 r
non-renewable 4 n
double 0 d
*************************
pronr.
Apenas caso queira mais informacoes, adicionar aqui
*************************
PRECEDENCE
jobnr.    #modes  #successors   successors
1 1 3 10 7 8
2 3 3 17 19 16
3 2 3 14 4 6
4 4 3 17 18 16
5 4 3 17 12 16
6 3 3 4 14 16
7 3 3 3 5 15
8 1 3 3 12 6
9 2 3 12 5 16
10 4 3 2 13 15
11 4 3 19 5 14
12 4 1 20
13 2 3 9 12 5
14 4 3 9 5 13
15 1 3 2 11 3
16 2 1 20
17 3 1 20
18 3 3 13 14 16
19 1 3 18 3 12
20 1 0
*************************
REQUESTS/DURATIONS:
jobnr. mode duration 	R1	R2	R3	R4	R5	N1	N2	N3	N4	
-------------------------
1 1 0 0 0 0 0 0 0 0 0 0 
2 1 17 67 30 44 0 0 199 0 0 91 
2 22 25 57 60 30 0 106 98 129 139 
3 29 0 0 13 0 0 81 125 97 0 
3 1 30 39 39 22 40 0 134 133 54 116 
2 16 63 0 0 88 0 195 281 125 131 
4 1 24 30 13 61 0 0 163 75 105 0 
2 11 0 51 98 84 0 193 0 204 136 
3 17 60 0 0 0 0 0 0 0 155 
4 24 27 30 0 52 0 0 111 0 142 
5 1 28 34 0 0 33 0 0 0 0 65 
2 20 0 55 24 27 0 117 148 0 0 
3 22 40 60 0 0 0 0 84 166 154 
4 18 0 60 0 35 0 121 131 250 0 
6 1 13 50 0 41 0 0 214 198 0 143 
2 22 27 68 27 38 0 0 201 203 0 
3 16 35 84 46 28 0 0 0 0 236 
7 1 25 0 32 0 15 0 176 159 60 132 
2 15 0 64 0 70 0 284 210 146 0 
3 20 66 64 67 58 0 169 91 0 159 
8 1 28 41 49 20 33 1 111 61 0 0 
9 1 29 0 0 34 0 0 0 103 104 118 
2 13 0 0 80 0 0 230 120 0 0 
10 1 16 80 18 69 20 0 0 0 234 129 
2 19 78 66 44 0 0 225 121 104 0 
3 10 60 72 51 63 0 0 0 216 438 
4 10 105 0 0 87 0 0 375 207 435 
11 1 19 0 0 0 0 0 104 135 0 189 
2 12 0 97 115 0 0 247 300 0 142 
3 18 48 0 63 0 0 153 180 215 108 
4 26 25 36 56 25 0 0 160 0 122 
12 1 29 11 51 0 13 0 120 0 0 62 
2 14 0 60 62 0 0 162 173 244 0 
3 12 0 0 85 120 0 0 0 362 322 
4 24 50 47 33 0 0 106 182 170 173 
13 1 22 68 0 0 68 0 129 166 0 199 
2 28 48 40 26 0 0 81 136 86 0 
14 1 21 54 0 0 21 0 0 211 127 82 
2 14 66 0 0 40 0 246 0 317 0 
3 27 45 40 0 41 0 77 0 96 107 
4 17 0 52 31 26 0 102 259 0 146 
15 1 13 0 48 64 0 0 0 0 0 136 
16 1 18 55 56 21 20 0 0 0 0 226 
2 18 0 56 0 78 0 0 0 183 0 
17 1 28 0 0 15 33 0 0 96 94 0 
2 25 38 34 18 0 0 0 0 98 169 
3 16 60 84 45 63 0 217 136 219 165 
18 1 28 0 27 45 0 0 73 113 156 106 
2 26 42 26 0 0 0 0 130 113 0 
3 23 48 31 0 0 0 101 157 119 169 
19 1 26 0 33 46 0 0 0 95 60 132 
20 1 0 0 0 0 0 0 0 0 0 0 
*************************
RESOURCEAVAILABILITIES:
R 1 R 2 R 3 R 4 R 5 N 1 N 2 N 3 N 4 
91 85 87 85 1 3131 3127 2677 3281 
