seed 6739583772
horizon 423
jobs 20
RESOURCES
renewable 4 r
non-renewable 4 n
double 0 d
*************************
pronr.
Apenas caso queira mais informacoes, adicionar aqui
*************************
PRECEDENCE
jobnr.    #modes  #successors   successors
1 1 3 9 19 4
2 2 3 10 11 13
3 2 3 2 15 8
4 1 3 2 11 10
5 1 3 17 12 8
6 3 3 2 13 14
7 1 3 17 18 12
8 4 3 10 14 6
9 2 3 17 5 16
10 1 1 20
11 2 1 20
12 3 3 3 13 6
13 3 3 10 11 14
14 2 1 20
15 2 3 2 6 8
16 1 3 10 7 15
17 1 3 11 13 15
18 3 3 2 3 12
19 1 3 3 5 7
20 1 0
*************************
REQUESTS/DURATIONS:
jobnr. mode duration 	R1	R2	R3	R4	N1	N2	N3	N4	
-------------------------
1 1 0 0 0 0 0 0 0 0 0 
2 1 29 22 16 0 0 124 74 113 0 
2 15 0 52 0 0 0 0 0 298 
3 1 23 50 49 0 0 116 82 96 0 
2 26 0 0 51 0 129 77 130 71 
4 1 26 20 20 0 0 145 0 152 121 
5 1 22 30 0 0 0 77 111 129 133 
6 1 25 0 55 0 0 0 97 0 96 
2 11 114 122 73 0 0 398 0 0 
3 30 0 0 0 0 0 134 82 113 
7 1 21 58 50 42 0 71 180 78 107 
8 1 18 81 18 51 0 170 200 0 146 
2 28 27 18 0 0 0 113 106 142 
3 23 53 33 56 0 80 0 0 110 
4 27 31 18 35 0 93 0 103 81 
9 1 13 66 25 0 0 325 0 281 233 
2 12 0 0 0 0 232 0 352 0 
10 1 30 20 33 11 0 79 92 0 132 
11 1 20 0 19 54 0 0 0 0 153 
2 19 75 17 0 0 186 0 0 0 
12 1 12 47 0 0 0 0 250 140 155 
2 30 12 37 11 0 0 140 82 93 
3 18 0 0 0 0 156 196 0 196 
13 1 23 13 0 49 1 69 0 142 71 
2 15 50 32 72 1 0 0 230 0 
3 18 21 30 0 1 141 0 85 0 
14 1 27 0 48 46 0 128 78 157 128 
2 14 0 79 87 0 0 158 180 0 
15 1 12 30 60 50 0 345 0 162 0 
2 15 0 80 0 0 136 106 132 156 
16 1 11 35 0 32 0 291 0 0 354 
17 1 26 41 0 0 0 138 167 0 0 
18 1 27 0 0 0 0 135 160 138 0 
2 18 0 73 0 0 180 160 188 143 
3 14 0 0 40 0 321 0 0 259 
19 1 19 0 30 0 1 153 184 0 0 
20 1 0 0 0 0 0 0 0 0 0 
*************************
RESOURCEAVAILABILITIES:
R 1 R 2 R 3 R 4 N 1 N 2 N 3 N 4 
70 75 68 1 1907 2412 1953 2094 
