seed 3218205873
horizon 440
jobs 20
RESOURCES
renewable 6 r
non-renewable 4 n
double 0 d
*************************
pronr.
Apenas caso queira mais informacoes, adicionar aqui
*************************
PRECEDENCE
jobnr.    #modes  #successors   successors
1 1 3 9 13 6
2 2 3 19 16 8
3 4 1 20
4 1 3 2 12 15
5 3 3 17 3 15
6 2 3 18 4 8
7 2 3 10 5 16
8 1 3 3 5 15
9 2 3 17 3 14
10 2 3 2 11 8
11 3 3 3 5 8
12 2 3 10 7 16
13 1 3 10 12 2
14 3 3 4 12 16
15 4 1 20
16 2 3 17 11 5
17 1 1 20
18 3 3 2 11 7
19 4 3 17 3 16
20 1 0
*************************
REQUESTS/DURATIONS:
jobnr. mode duration 	R1	R2	R3	R4	R5	R6	N1	N2	N3	N4	
-------------------------
1 1 0 0 0 0 0 0 0 0 0 0 0 
2 1 18 0 0 0 45 0 0 130 238 128 215 
2 27 28 0 20 0 0 0 83 0 0 62 
3 1 18 80 71 66 80 0 0 235 0 200 0 
2 15 70 36 48 68 0 0 278 0 0 170 
3 26 0 0 43 35 50 0 76 71 0 0 
4 13 0 0 0 0 94 0 126 152 302 159 
4 1 17 0 58 0 63 0 0 0 0 0 0 
5 1 26 0 47 0 38 0 1 0 118 84 120 
2 27 0 0 28 37 0 1 0 0 0 101 
3 12 52 0 60 30 75 1 145 240 0 0 
6 1 14 51 42 62 57 25 0 167 130 308 319 
2 29 46 35 0 0 46 0 87 0 0 65 
7 1 12 115 0 115 57 102 0 247 0 215 0 
2 20 0 33 70 21 63 0 97 0 196 132 
8 1 18 30 60 33 0 0 0 168 211 121 150 
9 1 28 19 36 30 0 0 0 100 0 101 0 
2 13 66 96 32 50 106 0 0 0 182 189 
10 1 18 66 0 45 0 78 0 141 0 0 0 
2 23 0 0 0 0 63 0 0 0 0 147 
11 1 29 0 51 0 45 33 1 153 131 134 108 
2 12 77 0 0 112 0 1 212 0 0 0 
3 26 18 26 53 0 23 1 114 103 0 0 
12 1 23 56 39 0 0 57 0 147 147 144 0 
2 20 55 0 72 21 61 0 0 192 0 88 
13 1 17 28 81 0 77 49 0 0 0 187 0 
14 1 27 22 21 35 14 34 0 93 0 62 0 
2 11 0 30 0 0 0 0 0 163 204 155 
3 18 0 66 50 0 71 0 228 0 0 100 
15 1 21 41 55 37 60 0 0 0 0 0 0 
2 14 70 75 0 51 92 0 255 120 297 0 
3 30 0 0 31 15 0 0 0 97 0 132 
4 17 0 0 56 0 0 0 176 0 222 0 
16 1 29 0 0 0 0 37 0 82 0 0 146 
2 30 24 19 24 12 10 0 0 91 78 101 
17 1 24 0 0 13 36 53 0 110 85 0 0 
18 1 13 0 41 113 0 83 0 295 0 0 276 
2 26 0 53 0 0 0 0 0 0 100 0 
3 22 42 68 15 0 50 0 166 201 0 111 
19 1 19 48 53 78 50 0 0 0 118 191 208 
2 14 0 87 102 0 0 0 203 154 154 267 
3 16 26 61 67 63 46 0 255 0 0 103 
4 15 64 24 0 34 34 0 188 208 300 240 
20 1 0 0 0 0 0 0 0 0 0 0 0 
*************************
RESOURCEAVAILABILITIES:
R 1 R 2 R 3 R 4 R 5 R 6 N 1 N 2 N 3 N 4 
74 109 89 99 99 1 2716 2203 2547 2694 
