seed 1335940527
horizon 431
jobs 20
RESOURCES
renewable 4 r
non-renewable 5 n
double 0 d
*************************
pronr.
Apenas caso queira mais informacoes, adicionar aqui
*************************
PRECEDENCE
jobnr.    #modes  #successors   successors
1 1 3 2 5 15
2 3 3 3 14 8
3 4 3 18 14 7
4 3 3 17 13 16
5 1 3 3 14 16
6 4 3 18 19 14
7 1 3 10 11 8
8 3 3 9 17 16
9 4 3 12 4 16
10 4 3 17 6 8
11 4 3 9 12 13
12 4 3 17 13 16
13 4 1 20
14 1 3 11 4 8
15 1 3 4 13 6
16 2 1 20
17 2 1 20
18 4 3 19 11 12
19 2 3 11 12 8
20 1 0
*************************
REQUESTS/DURATIONS:
jobnr. mode duration 	R1	R2	R3	R4	N1	N2	N3	N4	N5	
-------------------------
1 1 0 0 0 0 0 0 0 0 0 0 
2 1 19 0 0 61 0 205 0 167 0 0 
2 19 15 0 15 0 0 192 127 230 217 
3 12 97 0 0 0 160 177 127 0 162 
3 1 30 20 27 15 0 140 110 125 91 72 
2 28 17 0 0 0 62 0 0 93 159 
3 29 0 0 0 0 104 148 0 0 72 
4 23 0 32 24 0 0 181 114 91 82 
4 1 30 14 0 49 0 0 76 0 0 61 
2 15 0 90 0 0 254 102 154 0 286 
3 19 0 42 28 0 135 0 120 232 137 
5 1 30 10 0 0 0 96 0 0 0 87 
6 1 16 18 0 0 0 176 230 148 271 0 
2 25 0 12 60 0 99 0 0 0 0 
3 11 62 0 0 0 362 245 0 0 346 
4 13 90 43 0 0 0 175 293 233 0 
7 1 11 30 125 40 1 201 294 0 215 289 
8 1 18 61 80 41 0 0 0 0 185 176 
2 17 79 0 75 0 199 98 0 97 240 
3 30 0 41 29 0 147 72 51 0 0 
9 1 16 52 65 28 0 0 127 0 0 0 
2 22 36 38 39 0 0 0 102 0 182 
3 12 25 0 45 0 0 200 132 0 277 
4 27 26 0 53 0 135 154 0 0 0 
10 1 15 94 42 0 0 0 0 182 222 0 
2 20 15 73 0 0 97 0 0 0 150 
3 21 18 57 47 0 0 0 130 0 192 
4 26 45 36 27 0 93 143 156 146 71 
11 1 24 0 0 0 1 173 0 117 85 128 
2 12 0 65 0 1 0 170 0 290 0 
3 17 0 82 22 1 217 0 250 0 123 
4 15 0 0 0 1 102 292 0 292 110 
12 1 29 0 0 21 0 0 0 96 92 141 
2 21 0 50 41 0 100 178 0 87 85 
3 11 106 0 0 0 321 319 0 280 231 
4 24 22 48 21 0 120 0 0 0 107 
13 1 23 53 48 63 0 150 143 0 95 0 
2 21 34 58 0 0 0 0 0 180 137 
3 28 35 34 0 0 0 0 0 53 128 
4 20 64 0 0 0 199 91 99 0 138 
14 1 14 75 83 70 0 177 141 233 0 0 
15 1 12 70 0 0 0 242 0 0 135 0 
16 1 24 0 21 0 0 111 0 0 97 0 
2 27 21 0 0 0 0 0 0 162 108 
17 1 19 0 39 78 0 0 210 113 0 230 
2 19 77 41 30 0 0 235 0 0 195 
18 1 12 32 0 0 0 230 0 237 172 132 
2 23 0 53 0 0 0 187 91 160 194 
3 10 0 0 144 0 0 348 324 255 0 
4 27 23 0 0 0 130 133 0 0 92 
19 1 23 0 0 44 0 0 0 79 170 0 
2 18 51 0 26 0 0 166 83 0 238 
20 1 0 0 0 0 0 0 0 0 0 0 
*************************
RESOURCEAVAILABILITIES:
R 1 R 2 R 3 R 4 N 1 N 2 N 3 N 4 N 5 
96 133 99 1 3498 2804 3098 2725 3220 
