seed 7071700763
horizon 434
jobs 20
RESOURCES
renewable 4 r
non-renewable 3 n
double 0 d
*************************
pronr.
Apenas caso queira mais informacoes, adicionar aqui
*************************
PRECEDENCE
jobnr.    #modes  #successors   successors
1 1 3 17 5 15
2 2 1 20
3 3 3 2 11 7
4 1 3 10 12 13
5 1 3 11 12 8
6 1 3 9 14 16
7 1 1 20
8 3 3 18 3 2
9 3 3 10 3 7
10 4 3 19 7 16
11 2 1 20
12 4 3 2 6 8
13 3 3 18 19 2
14 4 3 11 3 7
15 3 3 9 4 6
16 2 3 19 13 7
17 3 3 3 12 16
18 4 3 11 14 7
19 2 3 2 7 8
20 1 0
*************************
REQUESTS/DURATIONS:
jobnr. mode duration 	R1	R2	R3	R4	N1	N2	N3	
-------------------------
1 1 0 0 0 0 0 0 0 0 
2 1 22 65 55 62 1 0 135 133 
2 17 63 81 67 1 225 0 0 
3 1 26 0 43 42 0 166 163 66 
2 11 120 106 103 0 267 0 0 
3 17 0 0 82 0 111 0 95 
4 1 26 27 40 0 0 0 0 168 
5 1 22 0 25 0 0 91 0 177 
6 1 15 0 0 42 0 278 0 280 
7 1 12 0 0 42 0 0 297 0 
8 1 29 43 45 0 0 103 115 153 
2 19 71 55 0 0 115 0 0 
3 24 35 38 0 0 0 111 143 
9 1 19 0 52 0 0 224 0 99 
2 28 51 0 11 0 137 159 0 
3 16 26 73 39 0 163 0 195 
10 1 30 48 0 0 0 0 0 0 
2 12 107 0 0 0 0 0 332 
3 22 0 60 66 0 84 106 0 
4 28 17 53 0 0 160 76 0 
11 1 22 19 0 0 0 0 114 125 
2 12 0 0 120 0 0 0 295 
12 1 13 32 0 101 0 0 249 263 
2 18 46 38 0 0 0 0 218 
3 28 26 0 32 0 127 54 0 
4 28 36 0 22 0 90 106 0 
13 1 28 0 47 33 0 130 120 98 
2 26 35 0 15 0 0 158 0 
3 21 37 45 47 0 82 0 168 
14 1 19 28 0 0 0 101 154 0 
2 26 41 16 0 0 69 0 73 
3 25 57 0 0 0 0 0 76 
4 18 0 23 0 0 88 131 165 
15 1 30 0 28 43 0 144 144 0 
2 30 0 42 14 0 54 0 0 
3 18 36 23 0 0 86 228 111 
16 1 14 21 47 0 0 319 154 0 
2 11 125 0 0 0 330 302 370 
17 1 24 22 0 43 0 86 158 0 
2 11 62 70 40 0 0 392 270 
3 23 48 15 15 0 0 100 0 
18 1 12 0 0 0 0 0 0 0 
2 14 98 0 0 0 0 122 0 
3 27 0 14 37 0 0 66 0 
4 20 0 0 60 0 0 93 201 
19 1 25 18 22 0 0 76 166 0 
2 17 0 0 24 0 155 180 0 
20 1 0 0 0 0 0 0 0 0 
*************************
RESOURCEAVAILABILITIES:
R 1 R 2 R 3 R 4 N 1 N 2 N 3 
76 72 96 1 2585 2769 2881 
