seed 1597147231
horizon 440
jobs 20
RESOURCES
renewable 6 r
non-renewable 4 n
double 0 d
*************************
pronr.
Apenas caso queira mais informacoes, adicionar aqui
*************************
PRECEDENCE
jobnr.    #modes  #successors   successors
1 1 3 11 19 14
2 1 3 10 3 4
3 2 1 20
4 3 3 10 6 7
5 4 1 20
6 1 3 18 3 5
7 3 3 18 5 6
8 3 3 10 3 5
9 3 3 17 15 7
10 4 3 18 5 6
11 4 1 20
12 4 3 2 3 8
13 2 3 3 6 8
14 3 3 4 6 16
15 3 3 12 6 7
16 2 3 9 2 5
17 1 3 4 12 13
18 1 2 3 5
19 3 3 9 10 15
20 1 0
*************************
REQUESTS/DURATIONS:
jobnr. mode duration 	R1	R2	R3	R4	R5	R6	N1	N2	N3	N4	
-------------------------
1 1 0 0 0 0 0 0 0 0 0 0 0 
2 1 12 112 107 77 57 30 0 275 0 0 0 
3 1 11 0 0 0 0 40 0 398 0 248 160 
2 18 61 16 83 0 65 0 166 0 0 0 
4 1 28 16 0 0 43 23 1 93 0 56 0 
2 16 0 0 33 0 52 1 0 125 129 178 
3 21 45 0 25 0 57 1 0 71 0 117 
5 1 10 0 96 57 102 147 0 0 0 273 0 
2 27 27 32 48 0 36 0 164 66 0 0 
3 14 0 55 0 0 81 0 169 139 0 0 
4 20 0 0 43 63 55 0 0 184 0 0 
6 1 25 0 0 0 0 31 0 156 85 0 0 
7 1 28 0 0 31 39 0 0 82 141 0 0 
2 12 52 0 77 37 50 0 342 302 0 192 
3 23 39 50 57 0 58 0 0 104 168 0 
8 1 24 0 15 13 38 0 0 91 0 177 93 
2 29 12 16 23 31 13 0 0 0 90 126 
3 29 0 0 37 0 0 0 136 85 148 0 
9 1 26 0 28 0 0 0 0 146 0 153 0 
2 27 0 0 36 46 0 0 0 0 83 103 
3 15 60 38 0 98 0 0 0 0 0 142 
10 1 16 0 54 0 61 24 0 0 0 228 264 
2 20 0 67 0 55 0 0 0 139 84 0 
3 21 0 60 20 30 34 0 187 130 0 132 
4 19 18 0 15 0 0 0 0 236 164 0 
11 1 26 43 0 11 34 0 0 109 126 0 75 
2 11 62 0 0 0 0 0 403 0 0 240 
3 25 0 42 22 31 14 0 69 92 111 0 
4 18 0 46 0 46 81 0 220 93 173 158 
12 1 17 61 0 56 0 49 0 0 218 0 215 
2 20 0 15 0 0 21 0 112 0 0 207 
3 16 24 0 0 0 0 0 153 0 150 225 
4 11 0 0 38 0 68 0 376 155 0 171 
13 1 20 0 0 58 0 37 0 94 78 82 0 
2 24 0 35 37 0 47 0 180 0 0 0 
14 1 14 0 21 0 0 102 0 205 220 139 0 
2 25 28 0 0 44 0 0 0 0 0 133 
3 18 28 73 28 0 0 0 228 0 163 0 
15 1 15 0 58 26 70 26 0 0 0 240 244 
2 10 84 138 72 81 96 0 0 279 408 294 
3 28 30 11 0 11 51 0 127 0 126 153 
16 1 17 60 28 86 40 22 0 109 0 0 144 
2 26 0 12 0 43 46 0 137 87 73 123 
17 1 22 13 47 0 62 25 0 0 122 0 0 
18 1 24 23 35 58 37 0 0 137 0 141 121 
19 1 16 63 33 0 71 0 0 114 0 0 0 
2 30 0 17 34 0 0 0 86 78 82 135 
3 27 16 0 0 0 30 0 0 0 0 0 
20 1 0 0 0 0 0 0 0 0 0 0 0 
*************************
RESOURCEAVAILABILITIES:
R 1 R 2 R 3 R 4 R 5 R 6 N 1 N 2 N 3 N 4 
121 123 90 82 75 1 4386 2353 2730 2168 
