seed 5031932563
horizon 407
jobs 20
RESOURCES
renewable 3 r
non-renewable 3 n
double 0 d
*************************
pronr.
Apenas caso queira mais informacoes, adicionar aqui
*************************
PRECEDENCE
jobnr.    #modes  #successors   successors
1 1 3 11 13 6
2 3 3 10 3 18
3 4 3 10 14 7
4 4 3 10 5 2
5 4 3 2 7 10
6 4 3 17 2 14
7 1 1 20
8 4 3 3 14 16
9 2 3 10 12 14
10 2 3 18 14 7
11 4 3 10 4 15
12 4 3 2 5 18
13 3 1 20
14 3 2 18 7
15 2 3 19 7 8
16 1 3 9 18 12
17 2 3 5 7 8
18 2 1 20
19 3 3 9 17 4
20 1 0
*************************
REQUESTS/DURATIONS:
jobnr. mode duration 	R1	R2	R3	N1	N2	N3	
-------------------------
1 1 0 0 0 0 0 0 0 
2 1 28 43 45 0 124 77 82 
2 18 45 20 0 0 246 186 
3 20 0 63 0 0 204 126 
3 1 16 0 0 1 170 0 0 
2 21 0 58 1 108 168 118 
3 26 42 34 1 62 160 141 
4 20 45 0 1 117 136 0 
4 1 28 47 12 0 0 137 0 
2 11 0 0 0 210 0 0 
3 28 0 0 0 0 83 102 
4 18 0 46 0 133 0 195 
5 1 22 16 62 0 0 162 200 
2 13 0 0 0 0 150 0 
3 25 0 58 0 171 0 148 
4 21 17 0 0 0 0 0 
6 1 19 0 34 0 0 210 0 
2 22 62 57 0 0 118 0 
3 16 0 0 0 125 131 253 
4 13 0 108 0 311 147 0 
7 1 20 0 30 0 123 219 111 
8 1 25 33 25 0 123 171 110 
2 16 61 0 0 116 0 150 
3 15 0 100 0 0 248 0 
4 22 62 42 0 83 189 68 
9 1 13 60 64 0 196 0 309 
2 19 63 0 0 123 235 78 
10 1 17 0 82 0 197 204 192 
2 22 0 0 0 0 126 0 
11 1 14 0 0 0 0 0 137 
2 16 73 0 0 0 0 181 
3 27 50 26 0 95 160 0 
4 16 50 60 0 0 106 228 
12 1 16 0 22 0 0 195 170 
2 17 0 47 0 0 264 98 
3 17 0 38 0 232 229 97 
4 17 31 0 0 211 150 0 
13 1 20 37 52 0 0 0 0 
2 21 0 68 0 0 72 0 
3 13 0 87 0 191 216 0 
14 1 27 0 52 0 0 78 76 
2 17 0 0 0 241 224 240 
3 16 86 0 0 228 116 135 
15 1 28 40 0 0 85 120 66 
2 21 25 21 0 0 194 0 
16 1 10 111 87 0 363 339 300 
17 1 17 0 30 0 0 112 0 
2 12 85 0 0 322 0 202 
18 1 11 30 38 0 188 327 0 
2 17 26 22 0 180 0 257 
19 1 28 0 15 1 0 132 0 
2 19 0 0 1 104 0 104 
3 21 22 0 1 0 85 191 
20 1 0 0 0 0 0 0 0 
*************************
RESOURCEAVAILABILITIES:
R 1 R 2 R 3 N 1 N 2 N 3 
124 121 1 2962 2903 2912 
