seed 216906556
horizon 436
jobs 20
RESOURCES
renewable 5 r
non-renewable 5 n
double 0 d
*************************
pronr.
Apenas caso queira mais informacoes, adicionar aqui
*************************
PRECEDENCE
jobnr.    #modes  #successors   successors
1 1 3 3 4 7
2 3 3 8 6 16
3 2 3 2 19 5
4 3 1 20
5 2 3 9 10 11
6 2 3 17 13 15
7 3 3 17 2 11
8 3 1 20
9 4 3 17 10 8
10 3 3 11 19 8
11 2 2 19 8
12 3 3 9 18 5
13 1 3 10 12 14
14 4 3 17 18 5
15 2 3 9 18 13
16 2 3 17 5 13
17 4 3 10 11 19
18 3 3 9 17 11
19 1 1 20
20 1 0
*************************
REQUESTS/DURATIONS:
jobnr. mode duration 	R1	R2	R3	R4	R5	N1	N2	N3	N4	N5	
-------------------------
1 1 0 0 0 0 0 0 0 0 0 0 0 
2 1 24 30 0 13 23 0 70 0 120 183 148 
2 13 0 87 0 0 0 0 177 0 177 212 
3 19 0 48 0 75 0 0 137 178 0 118 
3 1 18 0 23 45 61 0 91 0 165 85 246 
2 27 45 40 0 48 0 0 0 86 0 83 
4 1 13 27 94 0 87 0 0 122 145 117 0 
2 14 107 34 81 0 0 0 312 310 0 0 
3 11 103 0 38 0 0 136 324 0 373 158 
5 1 30 0 0 25 0 0 0 93 0 69 113 
2 12 52 27 95 0 0 157 250 287 307 0 
6 1 19 0 66 55 0 0 0 0 211 0 0 
2 27 55 13 26 33 0 0 103 104 0 142 
7 1 26 0 27 13 34 0 150 147 0 72 154 
2 10 42 150 0 33 0 378 351 252 0 258 
3 22 68 0 0 30 0 144 0 182 162 203 
8 1 12 115 0 0 120 0 192 237 0 0 0 
2 11 0 0 0 70 0 0 248 0 0 340 
3 12 87 57 87 0 0 0 0 0 0 0 
9 1 21 0 0 28 0 0 94 167 90 0 0 
2 23 15 0 0 61 0 86 0 0 0 133 
3 19 36 0 52 75 0 0 0 142 192 0 
4 25 12 42 0 0 0 0 0 0 132 175 
10 1 19 28 28 0 0 0 162 151 224 138 115 
2 30 32 0 18 0 0 113 129 134 0 141 
3 26 47 17 0 0 0 140 0 0 173 80 
11 1 12 125 52 0 0 0 0 205 0 0 325 
2 12 32 27 0 0 0 320 295 195 0 160 
12 1 26 32 24 28 26 0 0 156 0 0 151 
2 20 0 22 19 24 0 210 169 0 120 165 
3 10 0 42 138 75 0 0 0 186 204 0 
13 1 20 49 64 0 0 0 0 0 0 190 100 
14 1 30 0 29 48 23 0 120 0 0 0 0 
2 28 37 23 0 12 0 0 0 0 83 0 
3 22 0 0 0 0 0 186 0 0 154 0 
4 13 57 0 0 103 0 0 0 0 0 256 
15 1 13 53 94 0 25 0 198 0 0 258 0 
2 30 0 22 0 42 0 80 126 0 0 97 
16 1 28 0 34 0 0 1 0 0 97 109 57 
2 20 0 0 21 0 1 121 169 127 135 130 
17 1 30 0 0 36 41 0 117 0 69 0 0 
2 15 0 82 34 0 0 140 160 298 0 0 
3 22 53 16 0 64 0 0 124 0 0 155 
4 28 37 0 0 0 0 118 61 0 58 0 
18 1 24 61 0 21 0 0 0 145 131 141 0 
2 18 41 81 56 0 0 171 138 168 185 155 
3 18 0 78 41 0 0 173 0 0 0 0 
19 1 21 17 27 0 27 0 122 0 151 210 81 
20 1 0 0 0 0 0 0 0 0 0 0 0 
*************************
RESOURCEAVAILABILITIES:
R 1 R 2 R 3 R 4 R 5 N 1 N 2 N 3 N 4 N 5 
84 108 58 75 1 2922 3015 2829 3529 3362 
