seed 1102990289
horizon 440
jobs 20
RESOURCES
renewable 4 r
non-renewable 3 n
double 0 d
*************************
pronr.
Apenas caso queira mais informacoes, adicionar aqui
*************************
PRECEDENCE
jobnr.    #modes  #successors   successors
1 1 3 13 6 8
2 3 1 20
3 4 3 9 19 14
4 1 3 11 15 16
5 4 3 11 19 15
6 2 3 9 10 7
7 3 3 3 4 14
8 3 3 9 11 15
9 4 3 10 19 5
10 3 3 2 11 4
11 1 3 2 14 15
12 1 3 18 19 3
13 2 3 3 12 7
14 2 1 20
15 2 3 2 19 14
16 4 3 19 11 5
17 4 3 3 4 5
18 3 3 17 2 7
19 4 1 20
20 1 0
*************************
REQUESTS/DURATIONS:
jobnr. mode duration 	R1	R2	R3	R4	N1	N2	N3	
-------------------------
1 1 0 0 0 0 0 0 0 0 
2 1 14 27 0 42 0 0 154 242 
2 30 0 0 16 0 0 127 87 
3 27 32 33 0 0 98 0 0 
3 1 26 54 0 43 0 0 0 0 
2 13 0 0 90 0 163 0 0 
3 10 147 0 0 0 237 255 306 
4 14 0 47 51 0 0 289 109 
4 1 23 0 53 33 0 194 0 0 
5 1 27 15 14 0 0 164 0 0 
2 14 0 30 70 0 113 0 0 
3 23 59 0 0 0 0 126 150 
4 15 86 24 58 0 124 164 228 
6 1 24 35 0 37 0 138 0 91 
2 20 66 37 0 0 0 0 0 
7 1 30 45 0 14 0 0 105 63 
2 28 0 30 0 0 160 0 0 
3 20 48 54 0 0 0 202 202 
8 1 26 11 0 42 0 92 70 0 
2 11 111 0 0 0 313 0 0 
3 12 107 100 65 0 0 0 255 
9 1 10 33 0 36 1 222 0 330 
2 15 0 0 0 1 208 0 0 
3 15 28 0 54 1 156 206 270 
4 15 52 78 82 1 296 238 274 
10 1 17 0 67 42 0 181 0 123 
2 29 11 27 0 0 146 120 96 
3 28 22 27 0 0 0 151 0 
11 1 15 0 72 38 0 190 0 0 
12 1 16 0 43 0 0 0 213 0 
13 1 17 0 70 0 0 192 0 254 
2 25 0 42 26 0 103 87 124 
14 1 14 66 55 0 1 132 0 158 
2 13 115 80 106 1 0 163 170 
15 1 13 83 83 39 0 311 214 0 
2 26 0 0 0 0 0 98 118 
16 1 27 52 0 44 0 146 0 63 
2 20 0 22 21 0 151 220 0 
3 21 70 45 61 0 81 0 0 
4 24 37 0 0 0 125 0 152 
17 1 29 39 13 34 0 95 0 54 
2 17 45 0 0 0 0 0 0 
3 14 0 47 0 0 115 111 0 
4 25 28 56 0 0 0 96 0 
18 1 29 11 15 32 0 0 0 0 
2 12 97 0 105 0 0 202 0 
3 29 0 25 0 0 81 0 75 
19 1 13 0 0 0 0 161 306 0 
2 12 0 0 57 0 0 0 245 
3 29 11 0 46 0 104 90 103 
4 15 78 90 0 0 166 0 232 
20 1 0 0 0 0 0 0 0 0 
*************************
RESOURCEAVAILABILITIES:
R 1 R 2 R 3 R 4 N 1 N 2 N 3 
98 99 72 1 2692 2987 3404 
