seed 712431951
horizon 410
jobs 20
RESOURCES
renewable 5 r
non-renewable 5 n
double 0 d
*************************
pronr.
Apenas caso queira mais informacoes, adicionar aqui
*************************
PRECEDENCE
jobnr.    #modes  #successors   successors
1 1 3 17 13 8
2 2 1 20
3 3 3 10 12 14
4 2 3 2 19 5
5 2 3 2 7 16
6 4 3 5 14 16
7 3 3 18 11 14
8 1 3 10 15 16
9 2 3 2 12 14
10 3 3 9 2 12
11 1 3 10 12 14
12 2 2 2 14
13 4 3 2 3 4
14 2 1 20
15 4 3 2 3 14
16 2 3 11 12 15
17 3 1 20
18 1 3 9 3 15
19 3 3 9 18 6
20 1 0
*************************
REQUESTS/DURATIONS:
jobnr. mode duration 	R1	R2	R3	R4	R5	N1	N2	N3	N4	N5	
-------------------------
1 1 0 0 0 0 0 0 0 0 0 0 0 
2 1 29 27 0 51 0 0 123 0 121 0 0 
2 13 0 85 0 90 0 131 293 230 0 163 
3 1 17 74 75 0 0 0 114 0 121 0 194 
2 11 0 0 109 54 0 152 210 0 0 0 
3 21 0 25 47 0 0 167 112 0 0 204 
4 1 17 24 42 72 0 0 91 227 0 165 0 
2 17 0 0 0 0 0 181 142 0 183 0 
5 1 16 78 0 0 73 0 0 116 189 0 200 
2 29 0 20 0 15 0 60 0 0 0 0 
6 1 22 50 17 35 36 0 88 77 0 94 0 
2 23 53 50 62 0 0 0 80 174 0 71 
3 27 54 0 40 0 0 0 0 0 55 0 
4 12 62 37 37 0 0 0 0 350 155 247 
7 1 22 43 25 43 55 0 0 0 0 0 0 
2 25 46 42 0 0 0 160 66 0 64 102 
3 19 67 18 0 0 0 137 187 186 142 97 
8 1 17 81 82 74 0 0 262 93 201 0 135 
9 1 27 44 45 26 16 0 0 161 73 97 141 
2 11 0 0 90 40 0 0 0 193 0 204 
10 1 10 144 0 0 57 0 0 189 366 0 0 
2 20 63 40 40 46 0 154 150 0 0 168 
3 19 77 0 42 55 0 0 210 0 143 118 
11 1 14 45 81 66 0 0 280 252 0 135 229 
12 1 19 71 56 28 0 0 143 113 146 97 0 
2 22 0 0 0 54 0 0 186 148 154 79 
13 1 18 50 0 71 51 0 88 246 0 225 213 
2 13 0 46 0 39 0 293 154 0 152 256 
3 25 0 57 49 0 0 80 0 72 0 0 
4 22 0 0 36 0 0 0 152 0 0 203 
14 1 10 0 78 147 0 0 0 372 360 0 0 
2 30 0 0 0 39 0 54 82 0 138 0 
15 1 17 58 77 79 72 0 0 0 153 0 201 
2 10 84 135 0 138 0 243 0 444 0 0 
3 22 21 0 0 36 0 0 159 0 77 85 
4 15 0 58 42 0 0 156 262 0 0 172 
16 1 15 66 22 0 94 0 0 154 292 262 182 
2 18 61 0 55 20 0 141 231 0 90 151 
17 1 17 0 86 30 75 1 169 257 0 240 153 
2 19 0 0 69 15 1 0 164 0 0 127 
3 30 45 0 0 0 1 140 119 135 0 120 
18 1 13 0 27 106 0 1 143 0 161 203 133 
19 1 12 72 75 47 37 0 0 0 237 0 125 
2 24 0 0 45 0 0 181 176 153 0 108 
3 22 64 30 49 0 0 126 156 0 0 0 
20 1 0 0 0 0 0 0 0 0 0 0 0 
*************************
RESOURCEAVAILABILITIES:
R 1 R 2 R 3 R 4 R 5 N 1 N 2 N 3 N 4 N 5 
100 111 128 67 1 2746 2757 3328 1650 2050 
