seed 2938675226
horizon 436
jobs 20
RESOURCES
renewable 3 r
non-renewable 5 n
double 0 d
*************************
pronr.
Apenas caso queira mais informacoes, adicionar aqui
*************************
PRECEDENCE
jobnr.    #modes  #successors   successors
1 1 3 19 15 8
2 3 3 17 11 6
3 4 3 12 13 5
4 3 3 9 13 6
5 3 1 20
6 4 3 3 12 13
7 4 3 12 2 4
8 4 1 20
9 2 3 17 12 5
10 2 3 11 4 7
11 3 3 9 17 13
12 3 2 5 13
13 3 1 20
14 3 3 18 3 10
15 4 3 5 13 14
16 4 3 10 11 4
17 3 3 3 12 5
18 2 3 9 7 16
19 1 3 4 18 12
20 1 0
*************************
REQUESTS/DURATIONS:
jobnr. mode duration 	R1	R2	R3	N1	N2	N3	N4	N5	
-------------------------
1 1 0 0 0 0 0 0 0 0 0 
2 1 17 35 28 1 176 97 245 0 157 
2 22 62 0 1 0 0 0 0 83 
3 12 112 0 1 150 0 147 0 0 
3 1 21 65 22 0 0 112 87 161 198 
2 29 0 0 0 0 122 113 0 0 
3 30 31 48 0 146 134 136 0 0 
4 21 25 68 0 145 0 0 84 117 
4 1 22 64 30 0 0 76 196 181 0 
2 27 0 0 0 80 110 100 155 78 
3 16 0 67 0 0 0 166 0 0 
5 1 15 100 0 0 300 0 154 0 170 
2 10 0 147 0 384 261 156 0 0 
3 10 0 48 0 0 0 333 0 273 
6 1 25 0 0 0 0 115 76 180 0 
2 17 0 44 0 105 262 0 0 238 
3 22 35 0 0 76 136 192 0 0 
4 16 0 0 0 0 0 0 131 241 
7 1 23 46 53 0 99 80 178 194 148 
2 13 85 55 0 270 0 0 0 228 
3 29 45 0 0 0 107 0 0 0 
4 27 0 50 0 0 65 118 0 162 
8 1 12 77 0 0 372 0 0 327 0 
2 22 54 25 0 94 0 0 103 133 
3 13 0 78 0 0 0 145 274 0 
4 15 0 24 0 0 0 0 296 226 
9 1 14 94 0 0 308 126 255 0 0 
2 13 108 55 0 249 177 186 207 198 
10 1 29 13 13 1 117 0 0 0 0 
2 14 68 60 1 167 287 0 0 304 
11 1 14 72 75 0 0 0 270 265 169 
2 13 64 76 0 150 327 0 131 0 
3 21 0 58 0 161 0 0 207 0 
12 1 13 0 57 0 0 258 323 286 126 
2 23 31 41 0 0 0 0 130 0 
3 26 0 0 0 147 0 135 167 0 
13 1 19 48 0 0 221 161 198 0 0 
2 24 36 27 0 0 128 0 156 97 
3 29 0 37 0 0 68 0 0 139 
14 1 16 54 45 0 0 159 144 159 270 
2 18 0 48 0 206 0 148 0 0 
3 12 42 87 0 182 337 0 257 0 
15 1 14 70 0 0 0 218 162 229 124 
2 16 37 0 0 243 260 0 157 174 
3 29 0 11 0 111 58 150 0 53 
4 24 25 46 0 0 0 0 136 143 
16 1 30 41 35 0 137 118 0 0 150 
2 14 0 42 0 0 0 0 132 0 
3 11 0 32 0 398 302 229 387 0 
4 10 102 123 0 0 261 435 339 159 
17 1 12 0 0 0 275 0 220 325 0 
2 27 0 0 0 0 0 146 107 93 
3 10 99 123 0 351 0 390 177 288 
18 1 15 46 0 0 212 280 0 240 0 
2 27 30 45 0 0 123 137 0 0 
19 1 16 41 0 0 0 97 0 178 191 
20 1 0 0 0 0 0 0 0 0 0 
*************************
RESOURCEAVAILABILITIES:
R 1 R 2 R 3 N 1 N 2 N 3 N 4 N 5 
113 84 1 3955 3014 3791 2966 3158 
