seed 1002590576
horizon 416
jobs 20
RESOURCES
renewable 6 r
non-renewable 3 n
double 0 d
*************************
pronr.
Apenas caso queira mais informacoes, adicionar aqui
*************************
PRECEDENCE
jobnr.    #modes  #successors   successors
1 1 3 9 11 8
2 2 3 3 14 7
3 4 3 17 18 5
4 1 3 19 12 13
5 4 1 20
6 2 1 20
7 2 3 19 6 16
8 3 3 2 10 15
9 3 3 4 13 6
10 3 3 18 4 15
11 1 3 2 4 13
12 3 3 18 3 6
13 1 3 3 14 7
14 4 3 3 12 5
15 1 3 2 6 14
16 1 3 17 12 6
17 4 3 18 5 6
18 1 1 20
19 2 3 18 14 16
20 1 0
*************************
REQUESTS/DURATIONS:
jobnr. mode duration 	R1	R2	R3	R4	R5	R6	N1	N2	N3	
-------------------------
1 1 0 0 0 0 0 0 0 0 0 0 
2 1 14 36 0 0 47 0 0 295 235 113 
2 23 0 0 54 29 28 0 97 0 87 
3 1 26 31 0 54 45 32 0 109 150 156 
2 20 0 75 0 73 19 0 0 0 0 
3 19 0 26 20 26 26 0 83 0 0 
4 30 0 45 36 0 0 0 104 0 0 
4 1 30 13 28 33 43 23 0 55 0 71 
5 1 17 0 45 49 79 82 0 127 142 0 
2 11 27 0 60 0 106 0 0 0 0 
3 26 50 26 0 36 0 0 133 0 161 
4 30 41 12 42 0 49 0 140 0 135 
6 1 21 54 25 44 0 45 0 125 0 0 
2 12 92 0 60 0 70 0 0 0 0 
7 1 21 0 0 0 17 28 1 124 82 0 
2 30 0 20 0 50 19 1 140 0 0 
8 1 19 66 50 0 0 30 0 0 205 161 
2 17 0 72 0 0 31 0 125 199 174 
3 17 74 0 63 0 0 0 262 0 174 
9 1 18 0 66 43 76 53 0 200 133 235 
2 25 0 20 14 0 55 0 78 104 163 
3 18 0 0 0 0 78 0 216 0 0 
10 1 15 0 0 28 42 24 0 0 184 212 
2 10 0 0 0 144 54 0 0 162 183 
3 10 96 66 30 105 0 0 0 0 309 
11 1 22 53 34 0 19 15 0 200 0 182 
12 1 20 0 27 0 22 28 0 0 133 166 
2 23 52 24 0 20 29 0 138 169 170 
3 10 66 0 0 96 0 0 0 240 255 
13 1 10 0 60 57 147 0 0 279 327 0 
14 1 25 0 33 25 0 46 0 0 0 0 
2 29 18 28 25 0 33 0 81 0 68 
3 19 44 64 0 41 0 0 0 0 0 
4 12 115 0 57 120 0 0 322 0 272 
15 1 21 0 62 0 0 0 0 144 0 142 
16 1 13 0 66 0 0 0 0 0 0 325 
17 1 13 0 110 30 0 46 0 237 246 180 
2 20 55 66 0 0 69 0 165 0 138 
3 28 45 0 11 51 0 0 113 110 109 
4 29 32 35 0 0 51 0 140 140 70 
18 1 20 0 0 0 43 0 0 0 0 189 
19 1 26 0 20 0 41 30 0 0 129 0 
2 21 55 0 0 14 31 0 131 117 0 
20 1 0 0 0 0 0 0 0 0 0 0 
*************************
RESOURCEAVAILABILITIES:
R 1 R 2 R 3 R 4 R 5 R 6 N 1 N 2 N 3 
73 88 70 157 78 1 2924 2421 2223 
