seed 5888254766
horizon 438
jobs 20
RESOURCES
renewable 6 r
non-renewable 3 n
double 0 d
*************************
pronr.
Apenas caso queira mais informacoes, adicionar aqui
*************************
PRECEDENCE
jobnr.    #modes  #successors   successors
1 1 3 6 7 8
2 1 3 9 3 14
3 4 1 20
4 3 3 10 11 5
5 4 3 9 10 3
6 2 3 17 2 12
7 4 3 2 14 15
8 2 3 2 3 13
9 3 1 20
10 3 3 9 3 14
11 2 1 20
12 4 3 9 11 13
13 4 3 18 11 3
14 2 3 18 11 12
15 3 3 11 4 5
16 3 3 18 19 3
17 4 3 5 13 16
18 3 3 9 11 3
19 3 3 3 4 5
20 1 0
*************************
REQUESTS/DURATIONS:
jobnr. mode duration 	R1	R2	R3	R4	R5	R6	N1	N2	N3	
-------------------------
1 1 0 0 0 0 0 0 0 0 0 0 
2 1 14 27 75 53 0 0 0 201 295 300 
3 1 14 0 0 0 0 0 0 150 154 270 
2 13 69 0 94 0 39 0 0 0 175 
3 24 40 55 35 12 0 0 0 147 161 
4 26 25 0 38 0 0 0 98 111 0 
4 1 13 115 0 46 106 78 0 175 198 186 
2 24 0 40 61 61 38 0 0 180 0 
3 26 38 0 15 26 30 0 0 107 100 
5 1 17 22 0 0 0 0 0 0 250 0 
2 18 76 0 51 16 23 0 0 0 96 
3 20 0 66 31 0 0 0 84 0 0 
4 26 0 46 51 0 0 0 0 0 105 
6 1 17 0 35 30 0 38 0 0 153 197 
2 16 0 73 22 24 43 0 217 279 99 
7 1 22 58 19 0 65 0 1 139 0 0 
2 24 0 13 0 47 23 1 0 102 67 
3 21 31 65 38 20 50 1 0 158 0 
4 26 11 11 43 0 0 1 171 114 0 
8 1 16 22 0 0 0 0 0 217 153 0 
2 21 0 0 0 41 0 0 191 0 0 
9 1 16 86 90 0 0 0 0 180 0 183 
2 22 64 0 53 0 0 0 0 84 0 
3 15 44 0 66 0 0 0 286 204 226 
10 1 20 69 33 61 0 45 0 213 84 0 
2 19 28 75 0 55 67 0 0 184 214 
3 10 0 90 141 108 75 0 201 291 0 
11 1 16 31 41 48 63 88 0 0 136 0 
2 18 0 23 33 0 0 0 226 101 206 
12 1 14 30 55 62 81 0 0 0 285 0 
2 26 33 0 55 33 0 0 0 63 133 
3 23 43 0 0 0 0 0 71 0 166 
4 10 0 63 54 150 126 0 0 0 399 
13 1 12 52 0 85 0 62 0 330 0 190 
2 27 20 30 26 38 0 0 0 0 78 
3 25 0 27 0 44 36 0 148 0 118 
4 28 0 41 16 25 31 0 0 136 0 
14 1 13 85 0 115 90 101 0 0 265 0 
2 26 0 0 0 0 0 0 173 0 0 
15 1 19 0 61 55 55 17 0 227 86 118 
2 19 60 31 0 0 41 0 0 0 211 
3 26 53 0 15 19 35 0 0 0 86 
16 1 14 25 90 0 0 40 0 0 229 0 
2 24 30 48 17 22 16 0 113 122 0 
3 30 36 32 22 0 11 0 86 57 100 
17 1 18 0 78 35 78 65 0 0 0 0 
2 21 30 0 0 71 0 0 171 121 130 
3 30 12 28 20 33 45 0 98 146 144 
4 25 0 20 0 25 50 0 100 0 0 
18 1 29 31 15 0 34 41 0 143 147 99 
2 26 40 40 0 46 27 0 137 0 84 
3 15 0 0 20 0 76 0 234 0 0 
19 1 19 0 45 0 28 28 0 0 233 93 
2 27 30 40 14 0 53 0 87 0 62 
3 26 25 0 0 0 19 0 162 0 80 
20 1 0 0 0 0 0 0 0 0 0 0 
*************************
RESOURCEAVAILABILITIES:
R 1 R 2 R 3 R 4 R 5 R 6 N 1 N 2 N 3 
73 106 84 58 62 1 3218 3546 4421 
