seed 7138507002
horizon 451
jobs 20
RESOURCES
renewable 4 r
non-renewable 3 n
double 0 d
*************************
pronr.
Apenas caso queira mais informacoes, adicionar aqui
*************************
PRECEDENCE
jobnr.    #modes  #successors   successors
1 1 3 11 5 6
2 3 1 20
3 1 3 19 13 16
4 1 3 18 12 13
5 3 3 17 12 7
6 1 1 20
7 4 3 9 17 3
8 1 1 20
9 3 3 2 13 14
10 4 3 2 18 8
11 2 3 18 15 2
12 2 3 2 14 10
13 4 3 18 12 2
14 1 3 10 18 2
15 2 3 19 3 7
16 1 3 9 18 4
17 4 3 19 16 8
18 2 2 2 8
19 2 3 12 4 13
20 1 0
*************************
REQUESTS/DURATIONS:
jobnr. mode duration 	R1	R2	R3	R4	N1	N2	N3	
-------------------------
1 1 0 0 0 0 0 0 0 0 
2 1 15 0 22 50 0 218 218 0 
2 10 96 36 135 0 0 0 162 
3 27 0 17 0 0 0 165 113 
3 1 27 0 12 27 0 82 132 0 
4 1 29 0 27 0 0 93 0 0 
5 1 15 44 28 0 0 130 0 0 
2 12 0 65 0 0 330 335 0 
3 16 48 80 22 0 0 0 245 
6 1 30 0 20 48 0 54 0 0 
7 1 24 42 0 12 1 181 0 0 
2 12 60 35 0 1 287 267 140 
3 12 0 72 0 1 305 337 0 
4 28 21 38 15 1 143 58 116 
8 1 30 0 0 28 0 120 58 80 
9 1 20 0 39 37 0 102 90 126 
2 23 0 22 0 0 0 169 147 
3 11 103 114 73 0 275 0 245 
10 1 10 117 0 81 0 0 396 261 
2 30 30 0 0 0 0 56 0 
3 19 41 0 72 0 0 80 0 
4 20 0 64 75 0 178 169 0 
11 1 17 0 0 0 0 174 229 0 
2 24 17 28 41 0 0 160 95 
12 1 21 55 0 71 0 0 191 0 
2 21 0 37 20 0 0 131 0 
13 1 10 117 54 90 0 195 162 0 
2 10 0 54 0 0 0 435 198 
3 10 0 66 0 0 0 351 393 
4 21 44 0 0 0 131 0 121 
14 1 26 24 0 0 0 122 0 96 
15 1 25 0 40 34 0 0 115 0 
2 17 0 0 86 0 229 185 121 
16 1 20 0 67 37 0 156 0 100 
17 1 23 58 0 54 0 0 189 134 
2 15 0 36 0 0 0 196 0 
3 17 0 0 31 0 146 172 0 
4 19 42 0 0 0 0 176 86 
18 1 16 0 86 41 0 172 110 0 
2 23 19 49 57 0 0 138 157 
19 1 28 17 25 42 0 0 57 142 
2 19 71 45 0 0 0 0 175 
20 1 0 0 0 0 0 0 0 0 
*************************
RESOURCEAVAILABILITIES:
R 1 R 2 R 3 R 4 N 1 N 2 N 3 
43 82 71 1 2746 3194 2307 
