seed 5184330619
horizon 294
jobs 14
RESOURCES
renewable 3 r
non-renewable 5 n
double 0 d
*************************
pronr.
Apenas caso queira mais informacoes, adicionar aqui
*************************
PRECEDENCE
jobnr.    #modes  #successors   successors
1 1 3 10 5 6
2 3 2 9 12
3 3 3 2 11 4
4 1 3 9 2 12
5 4 3 4 13 7
6 4 1 14
7 1 3 9 3 4
8 3 3 3 11 7
9 1 1 14
10 3 3 9 2 12
11 3 3 12 2 4
12 1 1 14
13 2 3 9 7 8
14 1 0
*************************
REQUESTS/DURATIONS:
jobnr. mode duration 	R1	R2	R3	N1	N2	N3	N4	N5	
-------------------------
1 1 0 0 0 0 0 0 0 0 0 
2 1 17 0 60 0 0 0 128 218 142 
2 14 66 0 0 0 111 317 244 117 
3 27 21 23 0 0 137 0 0 0 
3 1 20 0 0 0 90 0 0 0 0 
2 11 73 114 0 0 330 270 0 0 
3 28 0 0 0 145 0 0 85 144 
4 1 10 75 75 0 279 165 0 417 0 
5 1 30 24 0 0 0 0 80 143 66 
2 22 17 40 0 156 72 0 0 139 
3 24 18 0 0 0 168 147 0 185 
4 29 24 0 0 106 0 0 111 134 
6 1 16 0 48 0 116 153 174 0 0 
2 16 0 18 0 142 0 153 245 144 
3 11 35 0 0 210 0 0 313 373 
4 25 28 13 0 75 63 132 102 0 
7 1 13 71 96 0 230 0 0 251 304 
8 1 11 0 0 0 0 0 0 335 346 
2 26 11 0 0 106 70 132 114 76 
3 30 41 0 0 0 0 90 61 0 
9 1 18 45 83 0 135 175 153 0 0 
10 1 24 62 21 0 141 70 0 0 70 
2 14 0 85 0 120 0 295 0 280 
3 26 0 0 0 0 0 169 0 109 
11 1 28 0 31 0 58 0 0 0 81 
2 24 40 17 0 0 0 0 87 101 
3 25 0 0 0 129 0 110 0 157 
12 1 30 0 0 0 142 0 132 79 0 
13 1 21 0 0 0 0 0 0 174 145 
2 29 41 0 0 82 54 110 66 0 
14 1 0 0 0 0 0 0 0 0 0 
*************************
RESOURCEAVAILABILITIES:
R 1 R 2 R 3 N 1 N 2 N 3 N 4 N 5 
85 112 1 1349 1727 2006 2555 1806 
