seed 7960613056
horizon 265
jobs 14
RESOURCES
renewable 6 r
non-renewable 3 n
double 0 d
*************************
pronr.
Apenas caso queira mais informacoes, adicionar aqui
*************************
PRECEDENCE
jobnr.    #modes  #successors   successors
1 1 3 13 6 7
2 3 3 9 3 12
3 2 2 11 5
4 3 3 2 3 8
5 1 1 14
6 1 3 12 4 5
7 2 1 14
8 3 3 3 11 5
9 1 3 3 11 8
10 2 3 2 12 5
11 2 1 14
12 4 3 9 11 8
13 3 3 9 10 4
14 1 0
*************************
REQUESTS/DURATIONS:
jobnr. mode duration 	R1	R2	R3	R4	R5	R6	N1	N2	N3	
-------------------------
1 1 0 0 0 0 0 0 0 0 0 0 
2 1 23 0 0 54 53 27 1 0 0 73 
2 16 26 88 37 76 22 1 0 204 249 
3 10 0 0 0 147 0 1 390 333 438 
3 1 17 63 0 58 0 33 0 0 185 0 
2 24 55 0 57 0 50 0 0 100 85 
4 1 13 53 46 55 76 39 0 189 0 242 
2 20 0 21 25 34 18 0 81 177 120 
3 24 36 22 0 58 52 0 0 103 185 
5 1 25 0 60 45 0 0 1 0 172 85 
6 1 11 114 122 0 0 0 0 0 0 0 
7 1 14 36 66 45 87 0 0 0 0 315 
2 15 0 76 76 26 0 0 300 0 268 
8 1 15 26 86 36 0 56 0 0 224 164 
2 14 70 0 68 0 30 0 242 276 0 
3 28 13 0 41 0 0 0 0 0 71 
9 1 14 75 66 0 79 0 0 263 0 0 
10 1 17 79 31 88 47 33 0 195 220 210 
2 30 0 0 0 0 43 0 0 0 0 
11 1 14 34 105 51 0 87 0 0 0 280 
2 21 0 21 0 67 0 0 150 155 167 
12 1 11 0 38 0 35 0 0 174 280 395 
2 14 32 34 64 90 0 0 0 291 291 
3 21 54 61 0 0 30 0 104 0 184 
4 12 0 0 25 32 47 0 187 0 0 
13 1 26 0 24 0 19 0 0 159 0 98 
2 29 33 0 0 0 0 0 107 0 113 
3 17 33 35 0 0 58 0 0 0 0 
14 1 0 0 0 0 0 0 0 0 0 0 
*************************
RESOURCEAVAILABILITIES:
R 1 R 2 R 3 R 4 R 5 R 6 N 1 N 2 N 3 
128 145 75 93 46 1 1950 1706 2430 
