seed 9299328710
horizon 279
jobs 14
RESOURCES
renewable 4 r
non-renewable 2 n
double 0 d
*************************
pronr.
Apenas caso queira mais informacoes, adicionar aqui
*************************
PRECEDENCE
jobnr.    #modes  #successors   successors
1 1 3 12 5 6
2 3 1 14
3 1 3 9 7 8
4 3 3 2 11 7
5 4 1 14
6 3 3 10 11 7
7 4 3 9 2 11
8 3 3 9 11 4
9 2 2 2 11
10 3 3 9 3 13
11 2 1 14
12 3 3 10 3 4
13 3 3 4 7 8
14 1 0
*************************
REQUESTS/DURATIONS:
jobnr. mode duration 	R1	R2	R3	R4	N1	N2	
-------------------------
1 1 0 0 0 0 0 0 0 
2 1 29 0 24 34 0 0 0 
2 28 41 33 26 0 128 146 
3 28 50 34 51 0 0 0 
3 1 13 110 0 0 0 0 237 
4 1 24 13 0 46 0 0 0 
2 17 0 0 61 0 0 93 
3 15 48 52 60 0 210 288 
5 1 24 31 0 20 0 181 98 
2 13 66 0 43 0 244 0 
3 23 0 0 23 0 113 117 
4 19 55 0 74 0 113 0 
6 1 12 32 100 0 0 260 142 
2 14 0 0 102 0 0 259 
3 10 0 0 75 0 447 306 
7 1 24 58 12 0 0 105 118 
2 16 43 0 0 0 183 195 
3 14 90 0 107 0 315 312 
4 20 0 0 25 0 0 186 
8 1 27 28 0 53 1 134 0 
2 11 0 54 76 1 0 275 
3 13 0 0 99 1 346 205 
9 1 19 56 0 0 0 0 134 
2 19 33 0 20 0 0 0 
10 1 21 37 0 20 0 165 0 
2 28 34 0 25 0 0 0 
3 23 0 23 58 0 0 84 
11 1 27 34 0 54 0 100 163 
2 21 44 0 0 0 112 187 
12 1 14 83 0 85 0 293 137 
2 27 44 0 0 0 0 115 
3 15 0 0 88 0 0 132 
13 1 17 0 31 0 0 197 0 
2 18 0 0 48 0 171 0 
3 23 58 0 14 0 65 0 
14 1 0 0 0 0 0 0 0 
*************************
RESOURCEAVAILABILITIES:
R 1 R 2 R 3 R 4 N 1 N 2 
125 40 96 1 2340 1911 
