seed 1278803776
horizon 268
jobs 14
RESOURCES
renewable 6 r
non-renewable 2 n
double 0 d
*************************
pronr.
Apenas caso queira mais informacoes, adicionar aqui
*************************
PRECEDENCE
jobnr.    #modes  #successors   successors
1 1 3 5 7 8
2 1 3 9 13 6
3 4 3 12 10 4
4 1 3 9 10 12
5 1 3 2 4 6
6 2 1 14
7 1 3 2 3 13
8 3 3 10 11 13
9 2 1 14
10 4 3 9 2 12
11 4 3 9 3 12
12 3 3 2 13 6
13 1 1 14
14 1 0
*************************
REQUESTS/DURATIONS:
jobnr. mode duration 	R1	R2	R3	R4	R5	R6	N1	N2	
-------------------------
1 1 0 0 0 0 0 0 0 0 0 
2 1 15 0 0 0 0 0 0 0 0 
3 1 19 17 0 0 71 17 1 156 167 
2 12 65 85 0 120 0 1 152 250 
3 11 130 0 76 84 90 1 231 0 
4 10 0 0 42 99 126 1 378 0 
4 1 27 0 0 54 0 0 0 153 162 
5 1 17 0 60 81 54 81 0 0 0 
6 1 30 31 20 10 0 19 0 66 113 
2 10 0 0 0 0 111 0 330 0 
7 1 14 0 0 77 77 0 0 252 0 
8 1 21 58 0 70 0 62 0 0 0 
2 22 0 15 0 35 15 0 178 77 
3 26 0 45 0 0 11 0 136 0 
9 1 18 0 0 31 0 71 0 111 168 
2 26 0 16 0 0 51 0 0 166 
10 1 17 56 0 38 17 70 0 0 142 
2 21 64 30 0 0 42 0 0 91 
3 28 35 0 0 19 15 0 131 0 
4 22 31 47 34 0 0 0 177 192 
11 1 15 0 0 0 0 28 0 0 222 
2 16 61 0 54 0 35 0 0 0 
3 26 55 35 0 0 55 0 0 121 
4 13 0 96 96 103 0 0 0 306 
12 1 29 0 51 18 37 18 0 144 133 
2 29 35 0 0 0 0 0 110 0 
3 22 35 0 45 0 0 0 0 100 
13 1 11 117 0 46 0 0 0 256 0 
14 1 0 0 0 0 0 0 0 0 0 
*************************
RESOURCEAVAILABILITIES:
R 1 R 2 R 3 R 4 R 5 R 6 N 1 N 2 
124 69 111 95 102 1 1848 1340 
