seed 1208630700
horizon 288
jobs 14
RESOURCES
renewable 6 r
non-renewable 3 n
double 0 d
*************************
pronr.
Apenas caso queira mais informacoes, adicionar aqui
*************************
PRECEDENCE
jobnr.    #modes  #successors   successors
1 1 3 3 4 6
2 2 3 9 11 5
3 4 3 2 13 8
4 3 3 10 12 7
5 2 3 9 11 12
6 3 3 10 5 7
7 3 3 9 2 8
8 3 3 9 2 5
9 1 1 14
10 2 3 11 12 7
11 2 1 14
12 2 1 14
13 3 3 10 5 8
14 1 0
*************************
REQUESTS/DURATIONS:
jobnr. mode duration 	R1	R2	R3	R4	R5	R6	N1	N2	N3	
-------------------------
1 1 0 0 0 0 0 0 0 0 0 0 
2 1 27 0 12 0 53 28 0 152 93 63 
2 20 39 61 0 15 39 0 162 0 163 
3 1 22 49 45 0 0 0 0 79 0 0 
2 19 56 0 42 0 15 0 0 0 195 
3 16 0 46 0 0 0 0 0 258 155 
4 19 0 56 31 39 18 0 0 0 0 
4 1 16 45 0 75 46 20 0 166 176 0 
2 27 54 22 47 54 0 0 0 135 0 
3 24 56 41 25 0 20 0 0 100 0 
5 1 26 39 35 0 0 0 0 0 123 103 
2 29 23 0 17 46 0 0 0 53 78 
6 1 16 71 0 0 61 60 0 234 0 0 
2 24 40 40 58 0 37 0 102 0 67 
3 24 0 60 0 0 52 0 73 71 117 
7 1 30 50 45 24 0 44 0 114 115 0 
2 11 30 0 0 32 0 0 163 188 0 
3 21 0 0 71 0 15 0 0 0 121 
8 1 14 23 0 60 75 0 0 173 0 272 
2 17 67 0 31 0 0 0 0 98 262 
3 21 0 0 64 0 0 0 78 124 102 
9 1 18 66 30 46 0 35 0 0 0 125 
10 1 20 37 61 42 55 0 0 84 81 0 
2 23 40 0 65 48 0 0 74 186 0 
11 1 23 31 0 18 0 0 0 0 88 0 
2 16 33 61 75 60 91 0 247 238 187 
12 1 14 0 90 100 60 60 0 270 150 139 
2 10 42 0 108 87 141 0 333 444 426 
13 1 30 37 44 0 35 20 1 90 0 128 
2 27 0 0 0 47 0 1 158 57 163 
3 12 50 32 0 0 110 1 245 0 162 
14 1 0 0 0 0 0 0 0 0 0 0 
*************************
RESOURCEAVAILABILITIES:
R 1 R 2 R 3 R 4 R 5 R 6 N 1 N 2 N 3 
90 61 126 79 102 1 1643 1640 1555 
