seed 4631184794
horizon 297
jobs 14
RESOURCES
renewable 4 r
non-renewable 5 n
double 0 d
*************************
pronr.
Apenas caso queira mais informacoes, adicionar aqui
*************************
PRECEDENCE
jobnr.    #modes  #successors   successors
1 1 3 4 13 6
2 2 1 14
3 1 1 14
4 3 3 10 12 5
5 4 3 10 11 3
6 4 3 10 5 8
7 4 3 2 3 8
8 2 1 14
9 3 3 2 5 8
10 3 3 2 3 7
11 3 3 3 7 8
12 3 3 9 11 8
13 1 3 9 10 3
14 1 0
*************************
REQUESTS/DURATIONS:
jobnr. mode duration 	R1	R2	R3	R4	N1	N2	N3	N4	N5	
-------------------------
1 1 0 0 0 0 0 0 0 0 0 0 
2 1 14 53 0 23 0 216 190 0 0 0 
2 23 0 58 0 0 0 155 0 0 169 
3 1 15 68 100 0 0 0 298 0 102 218 
4 1 28 0 36 0 0 144 128 110 0 95 
2 25 39 46 58 0 0 0 0 124 0 
3 22 0 0 55 0 185 0 151 0 0 
5 1 10 0 0 144 1 399 0 297 0 0 
2 14 0 102 27 1 0 0 0 270 237 
3 23 59 0 36 1 159 0 0 88 96 
4 22 16 36 42 1 0 79 173 126 190 
6 1 24 0 0 0 1 157 0 0 72 125 
2 10 0 72 36 1 324 360 393 243 0 
3 28 0 0 38 1 151 0 145 0 70 
4 15 90 100 80 1 186 0 0 298 196 
7 1 21 0 27 0 1 0 0 201 0 91 
2 13 0 0 115 1 0 274 0 0 316 
3 24 0 0 41 1 80 0 0 112 0 
4 12 97 95 57 1 292 185 0 375 190 
8 1 24 17 36 57 0 0 0 132 161 187 
2 13 101 101 0 0 320 0 0 251 0 
9 1 21 52 40 55 0 0 0 138 154 0 
2 15 98 74 0 0 0 0 208 288 0 
3 11 0 0 0 0 330 160 357 340 0 
10 1 12 67 102 0 0 265 0 302 355 180 
2 16 76 0 80 0 0 236 0 219 0 
3 30 14 47 40 0 149 105 0 130 0 
11 1 13 57 76 48 0 300 256 279 0 0 
2 28 16 48 0 0 109 103 106 0 126 
3 19 0 55 78 0 230 191 127 195 227 
12 1 17 45 17 0 0 236 144 217 0 262 
2 12 30 0 0 0 270 170 200 357 0 
3 28 0 36 0 0 0 0 0 130 0 
13 1 25 0 0 49 0 97 0 78 0 0 
14 1 0 0 0 0 0 0 0 0 0 0 
*************************
RESOURCEAVAILABILITIES:
R 1 R 2 R 3 R 4 N 1 N 2 N 3 N 4 N 5 
99 132 77 1 2587 2699 2101 1878 1769 
