seed 6034882599
horizon 280
jobs 14
RESOURCES
renewable 4 r
non-renewable 3 n
double 0 d
*************************
pronr.
Apenas caso queira mais informacoes, adicionar aqui
*************************
PRECEDENCE
jobnr.    #modes  #successors   successors
1 1 3 9 13 7
2 2 3 11 4 8
3 2 3 2 11 5
4 2 2 10 5
5 1 1 14
6 4 3 2 3 12
7 1 3 2 4 6
8 1 3 4 10 12
9 1 3 4 6 8
10 1 1 14
11 4 3 10 4 8
12 3 3 10 4 5
13 4 1 14
14 1 0
*************************
REQUESTS/DURATIONS:
jobnr. mode duration 	R1	R2	R3	R4	N1	N2	N3	
-------------------------
1 1 0 0 0 0 0 0 0 0 
2 1 14 34 0 34 1 154 132 235 
2 29 0 35 30 1 99 0 70 
3 1 15 32 74 82 0 0 242 146 
2 22 49 66 0 0 143 0 151 
4 1 23 0 23 57 1 174 0 0 
2 20 0 0 61 1 0 154 0 
5 1 26 0 57 0 0 0 107 143 
6 1 25 0 0 0 0 0 158 0 
2 29 27 25 34 0 95 111 121 
3 28 32 19 25 0 69 133 0 
4 24 0 0 53 0 178 0 0 
7 1 28 0 22 35 0 131 121 66 
8 1 18 43 28 0 0 155 0 143 
9 1 18 43 0 61 0 230 98 216 
10 1 20 0 0 63 0 195 0 0 
11 1 14 0 34 83 0 0 0 0 
2 13 78 0 48 0 214 0 145 
3 17 67 0 21 0 188 232 0 
4 20 0 54 0 0 0 87 0 
12 1 24 61 42 26 0 183 0 0 
2 25 32 0 0 0 84 152 0 
3 27 52 0 35 0 0 140 0 
13 1 20 0 37 24 0 0 0 0 
2 16 86 52 0 0 0 0 123 
3 16 28 46 33 0 275 146 185 
4 11 0 98 111 0 0 199 270 
14 1 0 0 0 0 0 0 0 0 
*************************
RESOURCEAVAILABILITIES:
R 1 R 2 R 3 R 4 N 1 N 2 N 3 
61 77 92 1 1258 1320 1585 
