seed 1042918532
horizon 264
jobs 14
RESOURCES
renewable 3 r
non-renewable 2 n
double 0 d
*************************
pronr.
Apenas caso queira mais informacoes, adicionar aqui
*************************
PRECEDENCE
jobnr.    #modes  #successors   successors
1 1 3 10 6 7
2 4 3 9 11 13
3 1 3 12 5 13
4 2 3 12 5 8
5 2 2 12 8
6 1 1 14
7 1 3 4 3 12
8 1 1 14
9 2 3 4 5 8
10 4 3 2 11 12
11 4 3 9 3 13
12 2 1 14
13 1 3 9 4 5
14 1 0
*************************
REQUESTS/DURATIONS:
jobnr. mode duration 	R1	R2	R3	N1	N2	
-------------------------
1 1 0 0 0 0 0 0 
2 1 16 84 0 1 266 110 
2 16 69 0 1 204 183 
3 30 0 48 1 130 89 
4 24 57 46 1 87 186 
3 1 19 44 37 0 135 0 
4 1 17 0 0 0 132 146 
2 21 27 62 0 157 0 
5 1 25 18 0 0 62 144 
2 20 18 0 0 94 111 
6 1 11 70 0 0 400 267 
7 1 23 0 49 0 113 0 
8 1 28 39 0 0 79 0 
9 1 19 0 0 0 134 129 
2 17 0 0 0 0 0 
10 1 23 45 0 0 96 0 
2 25 43 19 0 111 0 
3 14 0 79 0 297 173 
4 24 0 0 0 0 0 
11 1 17 38 0 0 197 141 
2 22 25 0 0 160 132 
3 12 0 0 0 0 182 
4 22 0 58 0 68 109 
12 1 25 21 0 0 0 180 
2 13 39 0 0 0 150 
13 1 16 0 0 0 193 206 
14 1 0 0 0 0 0 0 
*************************
RESOURCEAVAILABILITIES:
R 1 R 2 R 3 N 1 N 2 
79 65 1 2815 1492 
