seed 1772359256
horizon 260
jobs 14
RESOURCES
renewable 6 r
non-renewable 2 n
double 0 d
*************************
pronr.
Apenas caso queira mais informacoes, adicionar aqui
*************************
PRECEDENCE
jobnr.    #modes  #successors   successors
1 1 3 11 5 8
2 1 1 14
3 2 1 14
4 2 3 9 12 13
5 1 3 4 3 12
6 3 2 2 3
7 3 3 10 3 2
8 1 1 14
9 1 3 2 3 6
10 4 3 9 3 12
11 4 3 4 13 6
12 1 3 9 2 6
13 2 3 10 6 7
14 1 0
*************************
REQUESTS/DURATIONS:
jobnr. mode duration 	R1	R2	R3	R4	R5	R6	N1	N2	
-------------------------
1 1 0 0 0 0 0 0 0 0 0 
2 1 20 69 30 0 0 30 0 0 120 
3 1 20 66 0 19 21 34 0 0 106 
2 11 65 0 0 92 27 0 272 0 
4 1 12 57 60 0 75 0 0 0 0 
2 21 30 34 61 0 22 0 0 128 
5 1 30 36 40 20 43 16 0 98 70 
6 1 24 58 56 61 0 30 0 68 0 
2 13 43 30 103 34 25 0 327 0 
3 16 75 0 0 0 80 0 0 0 
7 1 16 0 52 0 26 61 0 0 155 
2 27 0 0 45 34 37 0 98 100 
3 18 16 35 83 0 68 0 148 0 
8 1 15 68 0 0 0 42 0 256 0 
9 1 10 111 42 129 39 93 0 210 0 
10 1 27 50 0 47 0 40 0 0 0 
2 18 0 0 0 0 41 0 138 243 
3 21 31 31 0 0 68 0 0 201 
4 26 0 34 50 0 0 0 0 71 
11 1 21 0 0 34 34 48 0 71 158 
2 21 0 70 45 54 37 0 0 0 
3 23 18 43 0 65 0 0 91 0 
4 11 0 57 122 92 0 0 392 155 
12 1 22 0 0 0 64 0 0 0 182 
13 1 21 52 35 42 0 0 1 147 170 
2 12 0 52 92 97 67 1 0 237 
14 1 0 0 0 0 0 0 0 0 0 
*************************
RESOURCEAVAILABILITIES:
R 1 R 2 R 3 R 4 R 5 R 6 N 1 N 2 
116 56 132 79 96 1 1502 1077 
