seed 7643339955
horizon 307
jobs 14
RESOURCES
renewable 6 r
non-renewable 2 n
double 0 d
*************************
pronr.
Apenas caso queira mais informacoes, adicionar aqui
*************************
PRECEDENCE
jobnr.    #modes  #successors   successors
1 1 3 10 12 5
2 4 2 4 8
3 4 3 2 4 8
4 3 1 14
5 1 3 11 4 13
6 2 3 9 3 8
7 1 3 2 3 6
8 2 1 14
9 4 3 2 3 4
10 4 3 9 11 4
11 3 3 13 6 8
12 1 1 14
13 4 3 2 3 7
14 1 0
*************************
REQUESTS/DURATIONS:
jobnr. mode duration 	R1	R2	R3	R4	R5	R6	N1	N2	
-------------------------
1 1 0 0 0 0 0 0 0 0 0 
2 1 17 0 56 0 0 26 0 215 172 
2 22 40 0 68 0 0 0 0 0 
3 28 12 37 0 0 23 0 64 0 
4 24 30 0 0 55 55 0 162 158 
3 1 12 80 80 0 42 55 0 155 0 
2 16 20 0 0 82 63 0 144 187 
3 22 30 0 51 62 0 0 0 0 
4 10 126 72 0 0 72 0 369 291 
4 1 27 0 18 34 0 0 1 138 0 
2 27 34 51 0 36 51 1 0 0 
3 27 36 0 45 0 0 1 143 93 
5 1 30 41 14 29 0 0 0 79 79 
6 1 16 0 0 0 90 0 0 241 0 
2 26 24 39 17 57 0 0 58 0 
7 1 22 57 60 27 0 43 0 0 0 
8 1 11 0 0 0 0 0 0 242 0 
2 24 0 0 0 32 27 0 0 142 
9 1 11 0 111 57 95 0 0 0 0 
2 14 94 94 0 40 75 0 205 0 
3 18 0 63 78 0 0 0 0 93 
4 20 0 0 0 33 33 0 0 111 
10 1 29 0 36 20 0 0 0 0 146 
2 25 21 40 57 12 57 0 0 151 
3 22 0 30 0 0 51 0 160 0 
4 22 0 65 57 0 46 0 173 107 
11 1 12 0 35 80 0 0 0 0 0 
2 27 26 16 0 14 15 0 108 0 
3 26 46 57 19 35 16 0 171 0 
12 1 25 34 0 0 33 38 0 0 0 
13 1 11 0 73 35 0 0 0 218 158 
2 24 0 56 33 25 0 0 111 0 
3 27 31 0 52 0 35 0 152 0 
4 27 35 42 0 18 30 0 0 65 
14 1 0 0 0 0 0 0 0 0 0 
*************************
RESOURCEAVAILABILITIES:
R 1 R 2 R 3 R 4 R 5 R 6 N 1 N 2 
71 71 41 65 54 1 2392 1898 
