seed 4076591595
horizon 290
jobs 14
RESOURCES
renewable 3 r
non-renewable 2 n
double 0 d
*************************
pronr.
Apenas caso queira mais informacoes, adicionar aqui
*************************
PRECEDENCE
jobnr.    #modes  #successors   successors
1 1 3 13 6 7
2 4 2 10 3
3 3 1 14
4 1 3 9 2 10
5 4 3 9 2 4
6 2 1 14
7 2 3 3 11 8
8 4 3 9 2 4
9 1 3 2 3 10
10 4 1 14
11 2 3 3 5 8
12 1 3 3 11 8
13 4 3 9 3 12
14 1 0
*************************
REQUESTS/DURATIONS:
jobnr. mode duration 	R1	R2	R3	N1	N2	
-------------------------
1 1 0 0 0 0 0 0 
2 1 24 0 36 1 147 105 
2 29 38 48 1 151 90 
3 21 34 0 1 138 71 
4 16 76 0 1 0 0 
3 1 25 18 0 0 99 0 
2 20 48 40 0 114 96 
3 14 90 0 0 218 0 
4 1 22 0 51 0 0 150 
5 1 16 35 0 0 253 277 
2 24 38 50 0 97 0 
3 13 76 55 0 0 115 
4 19 0 52 0 225 178 
6 1 14 0 53 0 113 216 
2 12 0 110 0 0 292 
7 1 14 79 100 0 233 267 
2 26 0 23 0 92 0 
8 1 30 0 0 1 0 0 
2 29 0 18 1 0 125 
3 12 0 40 1 235 0 
4 13 113 110 1 0 0 
9 1 17 0 0 0 0 0 
10 1 26 32 13 0 96 124 
2 28 0 0 0 136 125 
3 22 68 43 0 0 100 
4 19 0 78 0 0 0 
11 1 23 61 65 1 165 70 
2 28 0 36 1 0 0 
12 1 17 24 68 0 98 0 
13 1 30 18 44 0 83 88 
2 25 21 0 0 0 146 
3 24 0 0 0 161 0 
4 26 0 16 0 0 126 
14 1 0 0 0 0 0 0 
*************************
RESOURCEAVAILABILITIES:
R 1 R 2 R 3 N 1 N 2 
57 106 1 1828 1777 
