seed 4984305055
horizon 281
jobs 14
RESOURCES
renewable 3 r
non-renewable 5 n
double 0 d
*************************
pronr.
Apenas caso queira mais informacoes, adicionar aqui
*************************
PRECEDENCE
jobnr.    #modes  #successors   successors
1 1 3 3 7 8
2 4 3 11 13 6
3 4 3 9 4 6
4 1 3 12 5 6
5 4 3 2 13 6
6 1 3 11 12 13
7 4 1 14
8 1 3 10 5 2
9 1 3 10 12 6
10 4 3 2 11 5
11 1 1 14
12 2 2 11 13
13 3 1 14
14 1 0
*************************
REQUESTS/DURATIONS:
jobnr. mode duration 	R1	R2	R3	N1	N2	N3	N4	N5	
-------------------------
1 1 0 0 0 0 0 0 0 0 0 
2 1 11 65 120 0 0 368 152 330 362 
2 15 100 0 0 276 238 268 0 0 
3 24 37 0 0 166 0 0 177 0 
4 25 0 51 0 0 163 0 156 0 
3 1 23 50 0 0 0 73 116 133 194 
2 20 64 37 0 123 0 214 0 201 
3 24 31 0 0 65 0 0 152 108 
4 23 37 52 0 0 189 82 122 106 
4 1 20 0 0 0 0 0 195 111 135 
5 1 28 0 0 0 0 0 0 115 0 
2 16 88 0 0 0 230 0 157 0 
3 30 33 23 0 113 148 58 61 0 
4 19 37 28 0 0 0 154 82 173 
6 1 14 72 90 0 0 0 0 0 0 
7 1 14 79 68 0 115 205 229 272 0 
2 18 73 21 0 0 175 0 240 91 
3 24 51 25 0 0 161 180 0 0 
4 26 11 0 0 148 96 0 0 0 
8 1 25 0 40 0 0 0 0 86 142 
9 1 16 48 0 0 273 0 0 260 238 
10 1 24 0 35 0 155 0 0 0 62 
2 17 79 49 0 234 130 120 0 0 
3 21 0 0 0 144 128 201 202 0 
4 30 0 0 0 103 0 100 0 100 
11 1 16 88 0 0 151 0 133 0 0 
12 1 15 0 0 0 184 0 0 0 236 
2 26 0 46 0 137 61 78 0 0 
13 1 29 0 24 0 0 0 85 0 0 
2 28 46 0 0 125 0 158 124 87 
3 25 0 0 0 118 0 163 168 0 
14 1 0 0 0 0 0 0 0 0 0 
*************************
RESOURCEAVAILABILITIES:
R 1 R 2 R 3 N 1 N 2 N 3 N 4 N 5 
99 104 1 1601 2693 1828 2244 2462 
