seed 8920059331
horizon 290
jobs 14
RESOURCES
renewable 6 r
non-renewable 5 n
double 0 d
*************************
pronr.
Apenas caso queira mais informacoes, adicionar aqui
*************************
PRECEDENCE
jobnr.    #modes  #successors   successors
1 1 3 9 11 8
2 4 3 3 12 13
3 4 3 10 13 5
4 2 3 10 3 13
5 4 1 14
6 4 3 2 12 13
7 3 3 4 13 5
8 3 3 2 5 6
9 2 1 14
10 1 1 14
11 1 3 12 10 4
12 3 3 10 3 7
13 2 2 10 5
14 1 0
*************************
REQUESTS/DURATIONS:
jobnr. mode duration 	R1	R2	R3	R4	R5	R6	N1	N2	N3	N4	N5	
-------------------------
1 1 0 0 0 0 0 0 0 0 0 0 0 0 
2 1 10 42 0 30 0 114 0 270 0 0 186 0 
2 22 0 13 64 24 17 0 0 95 0 0 120 
3 10 90 0 132 0 48 0 303 324 0 0 0 
4 20 0 0 24 0 73 0 96 0 0 0 0 
3 1 26 45 49 56 46 27 0 71 0 140 137 0 
2 26 0 47 57 31 19 0 128 154 0 126 0 
3 15 0 80 40 0 0 0 112 264 0 160 0 
4 16 24 63 43 26 0 0 125 238 0 0 266 
4 1 10 45 126 0 54 144 0 0 0 411 213 162 
2 24 0 57 23 0 0 0 0 183 87 178 0 
5 1 30 37 23 0 0 19 0 102 0 0 0 0 
2 19 47 0 55 75 45 0 167 120 157 176 86 
3 20 72 0 60 0 31 0 0 0 0 0 187 
4 12 0 0 42 55 0 0 167 227 322 370 0 
6 1 17 82 42 0 74 0 0 0 0 250 0 0 
2 15 38 0 72 0 86 0 142 260 214 100 0 
3 25 0 43 38 0 0 0 0 0 0 171 136 
4 15 0 24 80 0 0 0 0 0 180 292 208 
7 1 14 0 64 83 0 0 0 237 0 0 124 0 
2 10 141 0 30 105 0 0 360 201 405 0 0 
3 14 107 38 45 38 83 0 0 184 128 152 0 
8 1 29 0 0 13 45 10 0 81 72 0 140 0 
2 11 120 79 0 100 49 0 259 0 0 0 215 
3 12 60 0 45 87 92 0 237 0 152 230 0 
9 1 27 33 31 21 0 12 0 156 90 0 0 0 
2 17 65 60 56 0 33 0 0 0 125 172 111 
10 1 16 0 0 39 0 41 1 0 262 106 97 236 
11 1 27 53 42 0 55 0 0 55 84 112 150 114 
12 1 18 0 0 30 0 61 0 0 0 0 0 220 
2 15 0 36 46 88 92 0 196 0 192 0 248 
3 26 18 26 0 18 35 0 64 0 0 0 138 
13 1 24 27 0 0 52 0 0 0 0 113 0 71 
2 22 0 28 0 28 0 0 81 0 189 125 151 
14 1 0 0 0 0 0 0 0 0 0 0 0 0 
*************************
RESOURCEAVAILABILITIES:
R 1 R 2 R 3 R 4 R 5 R 6 N 1 N 2 N 3 N 4 N 5 
90 82 60 75 62 1 2363 2028 2167 2140 1528 
