seed 9931049876
horizon 304
jobs 14
RESOURCES
renewable 4 r
non-renewable 4 n
double 0 d
*************************
pronr.
Apenas caso queira mais informacoes, adicionar aqui
*************************
PRECEDENCE
jobnr.    #modes  #successors   successors
1 1 3 9 2 11
2 4 3 10 3 8
3 3 3 10 4 7
4 3 1 14
5 3 3 4 7 8
6 3 3 3 4 13
7 4 3 12 10 4
8 4 3 3 13 7
9 3 3 4 6 7
10 4 1 14
11 3 3 10 3 5
12 2 1 14
13 4 3 3 12 7
14 1 0
*************************
REQUESTS/DURATIONS:
jobnr. mode duration 	R1	R2	R3	R4	N1	N2	N3	N4	
-------------------------
1 1 0 0 0 0 0 0 0 0 0 
2 1 30 0 0 0 0 146 0 0 132 
2 11 79 43 122 0 0 139 199 294 
3 21 51 0 22 0 117 212 0 0 
4 12 125 40 82 0 370 237 347 0 
3 1 17 0 0 0 0 0 238 0 171 
2 26 38 0 0 0 84 139 0 137 
3 10 0 0 63 0 0 318 0 0 
4 1 20 0 61 27 0 0 169 0 108 
2 25 0 0 0 0 112 0 0 0 
3 19 48 0 0 0 140 0 0 0 
5 1 16 91 0 78 0 210 0 174 0 
2 12 90 95 60 0 272 285 125 0 
3 18 61 28 0 0 148 143 0 141 
6 1 17 17 45 26 0 128 0 0 187 
2 22 15 50 35 0 204 0 80 0 
3 10 117 90 0 0 405 330 396 0 
7 1 29 26 21 0 0 58 91 153 85 
2 21 18 0 44 0 110 132 0 148 
3 26 33 35 40 0 106 125 173 0 
4 27 0 37 17 0 103 0 80 66 
8 1 10 93 45 0 0 0 0 162 0 
2 16 46 0 0 0 211 159 136 99 
3 29 0 0 48 0 121 84 0 0 
4 14 105 0 57 0 293 252 162 0 
9 1 23 0 0 31 0 133 78 176 0 
2 27 0 33 0 0 75 142 0 0 
3 27 0 0 0 0 0 120 154 0 
10 1 28 39 34 34 0 81 124 127 0 
2 12 0 0 120 0 0 135 342 0 
3 22 40 49 0 0 129 178 177 120 
4 19 69 39 67 0 0 235 227 217 
11 1 27 0 11 0 0 0 0 106 0 
2 13 113 96 41 0 0 0 288 136 
3 19 58 15 0 0 0 0 0 189 
12 1 10 123 51 54 0 0 0 279 0 
2 20 69 37 0 0 142 180 138 180 
13 1 16 0 24 26 0 0 273 0 206 
2 23 0 0 18 0 176 80 0 121 
3 12 0 0 0 0 265 0 137 297 
4 23 0 59 57 0 117 173 76 130 
14 1 0 0 0 0 0 0 0 0 0 
*************************
RESOURCEAVAILABILITIES:
R 1 R 2 R 3 R 4 N 1 N 2 N 3 N 4 
104 71 41 1 3118 2436 2893 2532 
