seed 4015958741
horizon 240
jobs 14
RESOURCES
renewable 3 r
non-renewable 5 n
double 0 d
*************************
pronr.
Apenas caso queira mais informacoes, adicionar aqui
*************************
PRECEDENCE
jobnr.    #modes  #successors   successors
1 1 3 9 4 7
2 3 3 10 5 6
3 3 3 2 11 10
4 1 3 3 11 5
5 4 1 14
6 1 1 14
7 1 3 12 13 8
8 2 1 14
9 4 3 12 3 11
10 1 3 5 6 8
11 1 3 2 5 6
12 1 3 3 5 8
13 3 3 2 3 6
14 1 0
*************************
REQUESTS/DURATIONS:
jobnr. mode duration 	R1	R2	R3	N1	N2	N3	N4	N5	
-------------------------
1 1 0 0 0 0 0 0 0 0 0 
2 1 21 35 0 0 0 95 0 152 151 
2 19 0 0 0 187 219 99 148 181 
3 16 0 0 0 140 0 268 118 153 
3 1 28 0 0 0 111 103 95 0 0 
2 15 78 98 0 122 218 0 0 256 
3 21 14 35 0 0 0 185 115 0 
4 1 13 50 0 0 0 0 0 189 251 
5 1 27 0 0 0 75 0 117 0 133 
2 10 84 78 0 345 360 249 423 360 
3 19 0 74 0 0 137 127 0 219 
4 12 97 0 0 0 0 370 180 0 
6 1 20 46 70 0 120 201 109 114 0 
7 1 22 0 0 0 88 204 99 0 136 
8 1 16 0 69 0 108 144 138 116 0 
2 25 0 0 0 75 0 94 151 163 
9 1 20 27 0 0 0 0 0 0 0 
2 14 0 0 0 240 0 0 115 222 
3 15 22 52 0 280 0 164 0 154 
4 12 110 0 0 0 305 297 0 347 
10 1 13 0 0 0 0 263 173 133 129 
11 1 10 81 72 0 339 402 309 390 192 
12 1 24 0 51 0 0 0 0 0 107 
13 1 15 0 0 0 272 192 226 114 280 
2 17 88 0 0 0 201 178 0 0 
3 11 100 0 0 0 226 0 272 289 
14 1 0 0 0 0 0 0 0 0 0 
*************************
RESOURCEAVAILABILITIES:
R 1 R 2 R 3 N 1 N 2 N 3 N 4 N 5 
97 101 1 1435 1744 1559 2031 1930 
