seed 1884682334
horizon 269
jobs 14
RESOURCES
renewable 5 r
non-renewable 5 n
double 0 d
*************************
pronr.
Apenas caso queira mais informacoes, adicionar aqui
*************************
PRECEDENCE
jobnr.    #modes  #successors   successors
1 1 3 10 12 2
2 4 3 3 13 8
3 1 3 5 7 8
4 1 1 14
5 3 1 14
6 1 3 4 13 5
7 3 3 4 5 6
8 3 3 4 5 7
9 4 3 3 5 13
10 3 3 9 11 4
11 1 3 9 4 8
12 4 3 4 6 7
13 3 1 14
14 1 0
*************************
REQUESTS/DURATIONS:
jobnr. mode duration 	R1	R2	R3	R4	R5	N1	N2	N3	N4	N5	
-------------------------
1 1 0 0 0 0 0 0 0 0 0 0 0 
2 1 10 0 0 69 0 0 336 252 312 0 234 
2 19 0 67 39 34 0 191 105 194 135 0 
3 18 0 20 80 65 0 0 178 178 143 0 
4 17 0 0 0 68 0 247 0 259 243 155 
3 1 20 0 0 73 0 0 0 145 0 0 196 
4 1 10 0 54 66 0 0 201 255 0 399 450 
5 1 29 0 44 0 16 1 63 53 0 0 141 
2 11 114 0 0 125 1 141 308 0 0 196 
3 21 54 14 0 14 1 0 155 182 0 0 
6 1 28 20 0 51 18 0 88 0 0 55 120 
7 1 28 0 26 16 46 0 0 99 0 138 108 
2 15 32 0 92 72 0 102 282 218 132 258 
3 25 48 19 0 26 0 67 82 145 106 139 
8 1 20 67 0 0 0 0 87 172 145 187 151 
2 11 43 40 70 0 0 343 267 0 0 0 
3 15 40 68 0 46 0 234 0 0 0 0 
9 1 25 0 0 28 52 0 0 86 144 154 0 
2 12 0 0 107 65 0 305 0 0 310 0 
3 23 0 36 0 15 0 153 131 0 189 135 
4 17 0 0 81 0 0 165 0 142 118 0 
10 1 21 0 65 28 0 0 0 118 0 117 112 
2 12 25 55 107 0 0 315 0 0 0 0 
3 26 56 57 0 0 0 57 145 100 98 152 
11 1 15 0 72 84 64 1 0 258 0 0 278 
12 1 10 0 0 0 102 0 0 201 396 303 435 
2 24 0 37 58 45 0 63 0 102 0 168 
3 14 0 0 0 100 0 244 154 0 147 0 
4 17 0 52 24 60 0 250 134 227 0 0 
13 1 18 0 0 33 0 0 0 0 0 0 88 
2 24 0 50 16 56 0 105 0 0 171 107 
3 25 39 34 0 13 0 120 123 0 124 100 
14 1 0 0 0 0 0 0 0 0 0 0 0 
*************************
RESOURCEAVAILABILITIES:
R 1 R 2 R 3 R 4 R 5 N 1 N 2 N 3 N 4 N 5 
63 95 117 88 1 2529 2202 2742 2228 2762 
