seed 3530197228
horizon 296
jobs 14
RESOURCES
renewable 4 r
non-renewable 3 n
double 0 d
*************************
pronr.
Apenas caso queira mais informacoes, adicionar aqui
*************************
PRECEDENCE
jobnr.    #modes  #successors   successors
1 1 3 3 4 6
2 4 3 11 5 7
3 4 1 14
4 2 3 2 12 13
5 1 1 14
6 2 3 9 2 13
7 4 3 10 11 5
8 1 3 9 5 7
9 4 3 10 2 7
10 3 2 11 5
11 1 1 14
12 1 3 9 7 8
13 3 3 12 5 8
14 1 0
*************************
REQUESTS/DURATIONS:
jobnr. mode duration 	R1	R2	R3	R4	N1	N2	N3	
-------------------------
1 1 0 0 0 0 0 0 0 0 
2 1 15 40 64 32 0 158 0 188 
2 29 13 16 47 0 120 95 76 
3 16 80 37 90 0 0 236 0 
4 16 22 45 67 0 181 0 0 
3 1 21 24 67 65 1 75 138 120 
2 25 0 19 0 1 177 0 0 
3 21 0 42 45 1 162 85 142 
4 23 13 27 0 1 0 0 0 
4 1 21 0 0 0 1 0 178 0 
2 22 0 17 0 1 0 77 90 
5 1 23 0 31 65 0 92 69 143 
6 1 21 55 65 57 0 212 181 0 
2 19 45 64 72 0 200 0 82 
7 1 29 0 0 19 1 113 0 0 
2 10 0 99 87 1 261 312 285 
3 12 110 60 92 1 315 295 0 
4 22 39 0 25 1 165 0 0 
8 1 13 27 110 0 0 0 283 306 
9 1 13 32 0 0 0 270 175 0 
2 13 0 0 48 0 180 122 189 
3 27 0 0 44 0 165 140 165 
4 15 22 0 88 0 0 0 236 
10 1 13 66 55 57 0 311 0 122 
2 20 67 54 0 0 0 166 0 
3 28 35 22 0 0 79 0 0 
11 1 28 40 31 16 0 0 102 108 
12 1 22 0 0 0 0 0 96 0 
13 1 23 14 19 59 0 185 90 71 
2 27 27 40 0 0 0 68 156 
3 29 11 0 0 0 55 151 135 
14 1 0 0 0 0 0 0 0 0 
*************************
RESOURCEAVAILABILITIES:
R 1 R 2 R 3 R 4 N 1 N 2 N 3 
58 118 80 1 1732 1584 1705 
