seed 2788763295
horizon 290
jobs 14
RESOURCES
renewable 5 r
non-renewable 3 n
double 0 d
*************************
pronr.
Apenas caso queira mais informacoes, adicionar aqui
*************************
PRECEDENCE
jobnr.    #modes  #successors   successors
1 1 3 9 3 7
2 2 3 11 5 8
3 1 1 14
4 4 3 10 11 13
5 3 3 10 4 8
6 4 3 2 11 12
7 4 3 12 13 6
8 1 3 10 4 13
9 2 3 2 12 13
10 1 1 14
11 4 1 14
12 1 3 2 5 13
13 1 2 10 11
14 1 0
*************************
REQUESTS/DURATIONS:
jobnr. mode duration 	R1	R2	R3	R4	R5	N1	N2	N3	
-------------------------
1 1 0 0 0 0 0 0 0 0 0 
2 1 23 22 56 53 45 0 76 110 0 
2 27 0 0 0 11 0 74 0 146 
3 1 10 93 111 30 78 0 0 333 0 
4 1 26 50 25 0 0 0 131 147 151 
2 11 79 120 32 0 0 193 0 0 
3 25 21 12 0 0 0 0 60 166 
4 29 0 0 0 0 0 0 144 53 
5 1 29 17 0 0 39 0 0 124 82 
2 26 0 0 0 24 0 0 91 131 
3 13 73 46 53 99 0 0 0 124 
6 1 23 0 20 53 0 0 187 0 78 
2 12 105 52 27 0 0 242 0 155 
3 23 0 20 14 14 0 116 0 147 
4 20 43 0 33 0 0 120 84 0 
7 1 24 48 0 0 0 0 0 143 72 
2 17 0 0 58 30 0 218 181 144 
3 30 0 0 11 41 0 0 103 57 
4 22 60 50 51 66 0 0 196 181 
8 1 16 0 78 35 0 0 151 270 110 
9 1 20 0 0 58 51 0 0 0 193 
2 19 15 48 52 0 0 153 0 113 
10 1 26 19 57 0 0 0 136 0 145 
11 1 24 35 48 0 0 0 181 140 0 
2 28 49 0 49 0 0 75 56 0 
3 22 27 0 23 16 0 102 0 0 
4 15 28 26 0 72 0 0 0 0 
12 1 23 0 0 26 0 0 0 0 0 
13 1 29 0 0 14 46 0 0 143 0 
14 1 0 0 0 0 0 0 0 0 0 
*************************
RESOURCEAVAILABILITIES:
R 1 R 2 R 3 R 4 R 5 N 1 N 2 N 3 
108 131 71 102 1 1285 1864 937 
