seed 7633886772
horizon 267
jobs 14
RESOURCES
renewable 3 r
non-renewable 5 n
double 0 d
*************************
pronr.
Apenas caso queira mais informacoes, adicionar aqui
*************************
PRECEDENCE
jobnr.    #modes  #successors   successors
1 1 3 9 13 7
2 2 3 10 3 4
3 3 3 11 4 6
4 4 1 14
5 3 3 2 6 10
6 4 1 14
7 4 3 2 6 8
8 1 3 2 3 4
9 2 3 12 5 6
10 1 3 11 3 4
11 1 1 14
12 2 3 2 3 5
13 2 3 4 12 8
14 1 0
*************************
REQUESTS/DURATIONS:
jobnr. mode duration 	R1	R2	R3	N1	N2	N3	N4	N5	
-------------------------
1 1 0 0 0 0 0 0 0 0 0 
2 1 22 0 0 0 184 90 0 137 152 
2 23 59 35 0 0 0 0 108 0 
3 1 11 0 0 0 199 0 270 272 0 
2 16 0 0 0 172 275 191 168 204 
3 25 0 28 0 0 0 0 61 0 
4 1 18 16 33 0 0 0 113 245 0 
2 24 26 0 0 122 0 88 171 93 
3 13 0 80 0 0 0 138 316 0 
4 29 0 0 0 0 129 0 152 0 
5 1 12 122 112 0 342 342 352 315 0 
2 13 73 78 0 0 313 196 156 311 
3 21 37 37 0 165 148 112 150 170 
6 1 15 62 64 0 122 184 0 130 114 
2 21 24 0 0 0 77 0 95 132 
3 24 41 28 0 0 130 107 0 132 
4 22 0 0 0 136 0 90 160 0 
7 1 22 36 0 0 0 0 102 171 0 
2 27 0 30 0 157 65 57 0 160 
3 14 0 100 0 201 287 0 0 117 
4 14 27 53 0 321 0 137 0 0 
8 1 15 84 46 0 294 242 0 0 136 
9 1 23 0 36 0 0 86 0 0 70 
2 25 39 0 0 172 144 126 142 174 
10 1 14 36 0 0 0 0 0 0 222 
11 1 15 0 22 0 140 224 162 186 0 
12 1 11 128 43 0 193 0 190 229 403 
2 26 0 25 0 0 171 83 0 0 
13 1 23 43 16 0 0 0 116 0 100 
2 18 41 66 0 171 236 225 0 171 
14 1 0 0 0 0 0 0 0 0 0 
*************************
RESOURCEAVAILABILITIES:
R 1 R 2 R 3 N 1 N 2 N 3 N 4 N 5 
110 78 1 1868 1824 1786 2574 1754 
