seed 1099939201
horizon 275
jobs 14
RESOURCES
renewable 6 r
non-renewable 2 n
double 0 d
*************************
pronr.
Apenas caso queira mais informacoes, adicionar aqui
*************************
PRECEDENCE
jobnr.    #modes  #successors   successors
1 1 3 6 7 8
2 3 3 3 4 13
3 2 1 14
4 1 1 14
5 3 3 4 3 12
6 2 3 9 12 13
7 4 3 9 2 11
8 1 3 2 3 11
9 2 3 2 11 5
10 4 3 3 13 5
11 1 3 10 4 5
12 1 1 14
13 3 3 4 12 5
14 1 0
*************************
REQUESTS/DURATIONS:
jobnr. mode duration 	R1	R2	R3	R4	R5	R6	N1	N2	
-------------------------
1 1 0 0 0 0 0 0 0 0 0 
2 1 29 45 0 0 24 0 0 0 56 
2 27 12 16 44 0 0 0 154 105 
3 20 0 75 69 34 63 0 213 93 
3 1 25 0 0 49 25 50 0 73 176 
2 26 0 12 11 0 49 0 115 0 
4 1 14 53 83 98 0 34 0 308 0 
5 1 13 60 80 0 0 0 0 0 300 
2 26 0 40 0 0 48 0 0 144 
3 14 96 0 30 0 0 0 111 186 
6 1 13 0 30 0 108 0 0 320 180 
2 27 11 11 0 26 42 0 142 0 
7 1 17 0 0 58 33 0 0 0 185 
2 16 0 20 0 0 84 0 0 260 
3 16 26 75 0 84 0 0 151 262 
4 11 0 79 0 0 0 0 245 379 
8 1 19 78 45 20 78 0 0 0 198 
9 1 15 0 0 0 50 54 0 228 110 
2 23 45 22 49 52 31 0 185 0 
10 1 18 0 25 45 76 56 0 123 0 
2 23 0 48 43 48 0 0 0 0 
3 19 45 18 0 69 42 0 202 0 
4 24 57 0 46 40 18 0 0 141 
11 1 30 0 0 21 0 36 0 0 118 
12 1 12 0 0 0 27 82 0 305 0 
13 1 28 0 0 42 16 15 0 0 118 
2 15 22 0 56 0 76 0 296 250 
3 15 0 0 90 98 86 0 208 0 
14 1 0 0 0 0 0 0 0 0 0 
*************************
RESOURCEAVAILABILITIES:
R 1 R 2 R 3 R 4 R 5 R 6 N 1 N 2 
86 98 108 117 99 1 1557 1804 
